0, 0.010095
1, 0.010195
3, 0.010295
5, 0.010418
6, 0.010418
8, 0.010418
10, 0.010668
11, 0.010669
16, 0.010669
20, 0.010669
21, 0.010669
22, 0.010669
23, 0.010669
24, 0.010670
32, 0.010670
33, 0.010670
34, 0.010673
39, 0.010673
44, 0.010673
45, 0.010673
48, 0.010673
55, 0.010673
64, 0.010673
66, 0.010673
68, 0.010673
91, 0.010673
96, 0.010673
98, 0.010673
100, 0.010673
114, 0.010673
118, 0.010673
122, 0.010673
127, 0.010673
128, 0.010675
129, 0.010675
136, 0.010675
143, 0.010675
150, 0.010675
151, 0.010675
154, 0.010675
160, 0.010675
166, 0.010675
167, 0.010676
171, 0.010676
180, 0.010676
183, 0.010676
186, 0.010676
191, 0.010676
192, 0.010676
200, 0.010681
201, 0.010717
204, 0.010717
205, 0.010717
206, 0.010717
211, 0.010717
221, 0.010717
229, 0.010717
234, 0.010728
235, 0.010728
239, 0.010729
240, 0.010729
246, 0.010729
248, 0.010729
250, 0.010729
251, 0.010730
252, 0.010730
254, 0.010730
255, 0.010733
256, 0.010740
257, 0.010740
260, 0.010740
261, 0.010740
262, 0.010740
264, 0.010740
266, 0.010742
271, 0.010742
273, 0.010742
286, 0.010743
300, 0.010743
301, 0.010760
312, 0.010760
320, 0.010760
351, 0.010760
352, 0.010760
357, 0.010760
360, 0.010760
361, 0.010760
365, 0.010761
369, 0.010761
375, 0.010761
382, 0.010761
384, 0.010761
385, 0.010764
398, 0.010764
400, 0.010764
401, 0.010770
404, 0.010770
426, 0.010770
436, 0.010770
440, 0.010771
442, 0.010772
446, 0.010772
451, 0.010773
460, 0.010773
465, 0.010773
466, 0.010773
480, 0.010773
489, 0.010774
493, 0.010774
495, 0.010775
500, 0.010776
501, 0.010776
510, 0.010777
511, 0.011117
512, 0.011708
513, 0.011710
516, 0.011710
518, 0.011710
524, 0.011710
526, 0.011710
528, 0.011710
532, 0.011710
536, 0.011944
540, 0.011944
542, 0.011944
544, 0.011955
546, 0.011955
554, 0.011955
556, 0.011955
560, 0.011958
562, 0.011958
563, 0.011958
576, 0.011958
577, 0.011958
580, 0.011958
582, 0.011959
583, 0.011962
586, 0.011962
590, 0.011962
591, 0.011962
596, 0.011962
600, 0.011962
601, 0.011984
610, 0.011984
613, 0.011990
616, 0.011990
625, 0.011990
626, 0.011990
634, 0.011990
635, 0.011990
637, 0.011990
640, 0.011993
641, 0.011995
646, 0.011995
650, 0.011995
651, 0.011995
655, 0.011995
657, 0.011995
666, 0.011995
667, 0.011995
676, 0.011995
679, 0.011995
681, 0.011996
698, 0.011996
700, 0.012014
701, 0.012015
710, 0.012015
712, 0.012015
714, 0.012018
724, 0.012018
726, 0.012018
730, 0.012018
733, 0.012018
748, 0.012018
750, 0.012024
751, 0.012127
759, 0.012127
760, 0.012127
767, 0.012133
768, 0.012137
769, 0.012138
776, 0.012138
782, 0.012138
788, 0.012138
795, 0.012138
799, 0.012138
800, 0.012140
801, 0.012140
805, 0.012140
818, 0.012140
819, 0.012140
820, 0.012140
829, 0.012140
832, 0.012141
833, 0.012141
836, 0.012141
840, 0.012141
842, 0.012141
843, 0.012141
849, 0.012141
851, 0.012141
856, 0.012141
860, 0.012142
861, 0.012142
862, 0.012142
864, 0.012142
867, 0.012142
868, 0.012142
869, 0.012142
880, 0.012142
881, 0.012142
885, 0.012142
886, 0.012142
887, 0.012142
892, 0.012142
896, 0.012142
897, 0.012142
898, 0.012142
900, 0.012159
904, 0.012159
906, 0.012159
921, 0.012159
924, 0.012159
926, 0.012159
931, 0.012159
932, 0.012159
933, 0.012159
937, 0.012160
940, 0.012160
950, 0.012162
951, 0.012164
956, 0.012164
960, 0.012164
961, 0.012164
966, 0.012164
970, 0.012164
976, 0.012169
979, 0.012169
984, 0.012169
986, 0.012169
987, 0.012169
990, 0.012169
992, 0.012169
993, 0.012169
1000, 0.012172
1001, 0.012179
1003, 0.012179
1004, 0.012179
1005, 0.012179
1007, 0.012180
1010, 0.012180
1012, 0.012180
1014, 0.012180
1015, 0.012180
1016, 0.012180
1022, 0.012181
1023, 0.012228
1024, 0.022063
1025, 0.022064
1028, 0.022064
1030, 0.022064
1036, 0.022064
1037, 0.022064
1038, 0.022064
1039, 0.022064
1040, 0.022064
1041, 0.022064
1044, 0.022064
1048, 0.022064
1049, 0.022064
1050, 0.022064
1051, 0.022064
1052, 0.022064
1053, 0.022064
1054, 0.022064
1058, 0.022064
1059, 0.022064
1060, 0.022064
1061, 0.022065
1062, 0.022065
1063, 0.022065
1064, 0.022065
1067, 0.022065
1069, 0.022065
1070, 0.022065
1071, 0.022065
1072, 0.022073
1073, 0.022073
1074, 0.022073
1075, 0.022073
1076, 0.022073
1077, 0.022073
1078, 0.022073
1079, 0.022073
1080, 0.022073
1081, 0.022073
1082, 0.022073
1083, 0.022073
1084, 0.022073
1085, 0.022073
1090, 0.022073
1092, 0.022074
1095, 0.022074
1096, 0.022074
1097, 0.022074
1100, 0.022077
1101, 0.022078
1105, 0.022078
1106, 0.022078
1107, 0.022078
1111, 0.023571
1112, 0.023571
1115, 0.023571
1120, 0.023571
1121, 0.023571
1122, 0.023571
1126, 0.023571
1130, 0.023571
1131, 0.023571
1132, 0.023571
1133, 0.023571
1134, 0.023571
1135, 0.023571
1137, 0.023571
1140, 0.023571
1141, 0.023571
1144, 0.023571
1146, 0.023571
1148, 0.023571
1151, 0.023573
1152, 0.023574
1154, 0.023574
1160, 0.023574
1164, 0.023574
1168, 0.023574
1170, 0.023574
1172, 0.023574
1175, 0.023574
1176, 0.023574
1177, 0.023574
1180, 0.023574
1181, 0.023574
1182, 0.023574
1185, 0.023574
1186, 0.023574
1187, 0.023574
1188, 0.023574
1189, 0.023574
1190, 0.023574
1191, 0.023574
1192, 0.023574
1194, 0.023575
1195, 0.023575
1196, 0.023575
1200, 0.023579
1201, 0.023580
1204, 0.023580
1206, 0.023580
1212, 0.023581
1216, 0.023581
1217, 0.023581
1218, 0.023581
1219, 0.023581
1220, 0.023581
1224, 0.023581
1226, 0.023583
1227, 0.023583
1230, 0.023583
1232, 0.023583
1233, 0.023583
1251, 0.023584
1254, 0.023584
1256, 0.023584
1260, 0.023585
1263, 0.023585
1264, 0.023585
1265, 0.023585
1272, 0.023586
1275, 0.023586
1278, 0.023586
1280, 0.023593
1281, 0.023593
1282, 0.023593
1283, 0.023594
1284, 0.023595
1285, 0.023595
1286, 0.023595
1287, 0.023595
1288, 0.023595
1289, 0.023595
1290, 0.023595
1293, 0.023595
1294, 0.023596
1295, 0.023596
1296, 0.023596
1297, 0.023596
1298, 0.023596
1300, 0.023611
1301, 0.023612
1302, 0.023612
1303, 0.023612
1304, 0.023612
1305, 0.023612
1306, 0.023612
1307, 0.023612
1308, 0.023612
1309, 0.023612
1310, 0.023612
1311, 0.023612
1312, 0.023612
1313, 0.023612
1314, 0.023612
1315, 0.023612
1316, 0.023612
1317, 0.023613
1318, 0.023619
1319, 0.023619
1320, 0.023620
1321, 0.023620
1322, 0.023620
1323, 0.023620
1324, 0.023621
1325, 0.023621
1326, 0.023621
1327, 0.023621
1328, 0.023621
1329, 0.023621
1330, 0.023621
1331, 0.023621
1332, 0.023621
1333, 0.023621
1334, 0.024069
1335, 0.024069
1336, 0.024069
1337, 0.024069
1338, 0.024069
1339, 0.024069
1340, 0.024072
1341, 0.024072
1342, 0.024072
1343, 0.024072
1344, 0.024072
1345, 0.024072
1346, 0.024074
1347, 0.024074
1348, 0.024075
1349, 0.024075
1350, 0.024080
1351, 0.024080
1352, 0.024080
1353, 0.024080
1354, 0.024080
1355, 0.024080
1356, 0.024080
1357, 0.024080
1358, 0.024080
1359, 0.024080
1360, 0.024116
1361, 0.024116
1362, 0.024116
1363, 0.024116
1364, 0.024117
1365, 0.024117
1366, 0.024117
1367, 0.024117
1368, 0.024117
1369, 0.024117
1370, 0.024117
1371, 0.024117
1372, 0.024119
1374, 0.024119
1375, 0.024119
1376, 0.024120
1377, 0.024120
1378, 0.024120
1379, 0.024120
1380, 0.024356
1381, 0.024356
1382, 0.024356
1383, 0.024356
1384, 0.024356
1385, 0.024356
1386, 0.024362
1387, 0.024363
1388, 0.024363
1389, 0.024363
1390, 0.024364
1391, 0.024364
1392, 0.024364
1393, 0.024364
1394, 0.024364
1395, 0.024364
1396, 0.024398
1397, 0.024398
1398, 0.024399
1399, 0.024399
1400, 0.024589
1401, 0.024589
1402, 0.024592
1403, 0.024592
1404, 0.024592
1406, 0.024594
1407, 0.024594
1408, 0.024596
1410, 0.024596
1411, 0.024596
1412, 0.024600
1414, 0.024605
1416, 0.024605
1418, 0.024605
1420, 0.024623
1422, 0.024623
1424, 0.024624
1426, 0.024625
1428, 0.024625
1430, 0.024626
1432, 0.024628
1436, 0.024644
1438, 0.024644
1439, 0.024644
1440, 0.024662
1442, 0.024665
1444, 0.024665
1445, 0.024665
1446, 0.024701
1448, 0.025826
1450, 0.025827
1452, 0.025853
1454, 0.025853
1455, 0.025853
1456, 0.025854
1458, 0.025854
1460, 0.027413
1461, 0.027413
1463, 0.027413
1464, 0.027415
1466, 0.027417
1468, 0.027417
1470, 0.027417
1472, 0.027420
1474, 0.027421
1480, 0.027547
1482, 0.027548
1483, 0.027548
1486, 0.027548
1490, 0.027548
1492, 0.027548
1493, 0.027548
1495, 0.027548
1496, 0.027548
1497, 0.027548
1498, 0.027548
1500, 0.027623
1501, 0.027647
1504, 0.027647
1507, 0.027647
1513, 0.027647
1514, 0.027648
1518, 0.027649
1519, 0.027649
1520, 0.027709
1522, 0.027709
1523, 0.027709
1526, 0.027710
1528, 0.027710
1530, 0.027710
1535, 0.027710
1536, 0.040951
1537, 0.040952
1541, 0.040952
1546, 0.040953
1553, 0.040953
1557, 0.040953
1560, 0.040958
1570, 0.040958
1577, 0.040958
1580, 0.040958
1581, 0.040958
1584, 0.040958
1585, 0.040958
1591, 0.040958
1600, 0.040983
1602, 0.040983
1604, 0.040983
1608, 0.041183
1611, 0.041183
1614, 0.041183
1632, 0.041183
1633, 0.041183
1642, 0.041183
1643, 0.041183
1645, 0.041183
1647, 0.041183
1648, 0.041183
1650, 0.041183
1652, 0.041183
1656, 0.041183
1657, 0.041183
1662, 0.041183
1664, 0.041206
1667, 0.041206
1680, 0.041207
1688, 0.041207
1690, 0.041207
1692, 0.041207
1694, 0.041207
1700, 0.041207
1701, 0.041207
1706, 0.041207
1707, 0.041207
1708, 0.041207
1711, 0.041207
1712, 0.041207
1720, 0.041207
1728, 0.041207
1734, 0.041208
1738, 0.041208
1743, 0.041208
1744, 0.041208
1746, 0.041208
1748, 0.041208
1752, 0.041208
1755, 0.041208
1758, 0.041208
1759, 0.041208
1760, 0.041208
1765, 0.041208
1767, 0.041208
1780, 0.041208
1782, 0.041208
1784, 0.041208
1789, 0.041208
1792, 0.041210
1800, 0.041211
1804, 0.041211
1808, 0.041211
1813, 0.041211
1815, 0.041211
1816, 0.041211
1824, 0.041211
1825, 0.041211
1830, 0.041211
1832, 0.041211
1834, 0.041211
1840, 0.041212
1841, 0.041212
1842, 0.041212
1844, 0.041212
1851, 0.041212
1855, 0.041212
1861, 0.041212
1867, 0.041212
1872, 0.041212
1874, 0.041212
1878, 0.041212
1881, 0.041212
1886, 0.041212
1888, 0.041212
1897, 0.041212
1901, 0.041213
1904, 0.041213
1906, 0.041213
1911, 0.041213
1912, 0.041213
1920, 0.041213
1925, 0.041213
1928, 0.041213
1929, 0.041213
1949, 0.041213
1952, 0.041213
1956, 0.041213
1959, 0.041213
1960, 0.041213
1962, 0.041213
1963, 0.041213
1967, 0.041213
1970, 0.041213
1972, 0.041213
1976, 0.041213
1977, 0.041213
1978, 0.041213
1980, 0.041213
1984, 0.041213
1988, 0.041213
1989, 0.041213
1992, 0.041214
1994, 0.041214
2000, 0.041229
2001, 0.041229
2004, 0.041229
2008, 0.041229
2012, 0.041229
2013, 0.041229
2015, 0.041230
2016, 0.041230
2021, 0.041230
2028, 0.041230
2031, 0.041230
2036, 0.041230
2037, 0.041230
2046, 0.041230
2047, 0.041232
2048, 0.046429
2049, 0.046429
2052, 0.046429
2056, 0.046429
2057, 0.046429
2064, 0.046429
2065, 0.046429
2078, 0.046429
2080, 0.046429
2084, 0.046429
2094, 0.046429
2095, 0.046429
2096, 0.046471
2099, 0.046471
2100, 0.047592
2104, 0.047592
2105, 0.047592
2106, 0.047592
2108, 0.047592
2112, 0.047592
2113, 0.047593
2120, 0.047593
2124, 0.047593
2125, 0.047593
2129, 0.047593
2131, 0.047593
2136, 0.047593
2142, 0.047593
2144, 0.047648
2148, 0.047648
2149, 0.047648
2152, 0.047648
2160, 0.047648
2172, 0.047648
2176, 0.047648
2178, 0.047648
2184, 0.047648
2185, 0.047648
2188, 0.047648
2192, 0.047650
2200, 0.047650
2201, 0.047650
2203, 0.047650
2205, 0.047650
2206, 0.047650
2216, 0.047650
2221, 0.047650
2225, 0.047650
2231, 0.047650
2240, 0.047652
2246, 0.047652
2247, 0.047652
2251, 0.047652
2256, 0.047652
2262, 0.047652
2271, 0.047652
2273, 0.047652
2280, 0.047652
2287, 0.047652
2289, 0.047652
2292, 0.047652
2298, 0.047652
2304, 0.047652
2306, 0.047652
2307, 0.047653
2312, 0.047653
2326, 0.047653
2335, 0.047653
2338, 0.047653
2339, 0.047653
2340, 0.047653
2344, 0.047653
2346, 0.047653
2357, 0.047653
2359, 0.047653
2360, 0.047653
2362, 0.047653
2368, 0.047653
2370, 0.047653
2374, 0.047653
2376, 0.047653
2378, 0.047653
2379, 0.047653
2384, 0.047653
2391, 0.047653
2392, 0.047653
2400, 0.047653
2408, 0.047653
2412, 0.047653
2414, 0.047653
2418, 0.047653
2419, 0.047653
2422, 0.047653
2424, 0.047653
2432, 0.047653
2440, 0.047654
2444, 0.047654
2450, 0.047654
2456, 0.047654
2460, 0.047654
2464, 0.047655
2468, 0.047655
2469, 0.047666
2476, 0.047666
2484, 0.047666
2489, 0.047666
2493, 0.047666
2496, 0.047666
2500, 0.047668
2501, 0.047668
2504, 0.047668
2510, 0.047677
2512, 0.047677
2520, 0.047681
2531, 0.047681
2543, 0.047681
2545, 0.047681
2549, 0.047681
2560, 0.047703
2574, 0.047703
2576, 0.047703
2577, 0.047703
2588, 0.047703
2592, 0.047703
2594, 0.047703
2596, 0.047703
2600, 0.047705
2604, 0.047705
2606, 0.047705
2610, 0.047705
2614, 0.047705
2615, 0.047705
2616, 0.047705
2620, 0.047705
2624, 0.047705
2629, 0.047705
2640, 0.047705
2652, 0.047705
2653, 0.047705
2656, 0.047705
2660, 0.047705
2664, 0.047705
2668, 0.047705
2673, 0.047705
2674, 0.047705
2676, 0.047705
2680, 0.047706
2684, 0.047706
2688, 0.047706
2690, 0.047706
2696, 0.047707
2700, 0.047707
2701, 0.047707
2706, 0.047707
2708, 0.047707
2710, 0.047707
2720, 0.047892
2721, 0.047892
2730, 0.047892
2732, 0.047903
2736, 0.047905
2740, 0.047905
2744, 0.047905
2746, 0.047905
2748, 0.047906
2749, 0.047906
2751, 0.047906
2752, 0.047906
2755, 0.047906
2760, 0.047906
2764, 0.047906
2772, 0.047906
2776, 0.047907
2780, 0.047907
2784, 0.047907
2792, 0.047911
2794, 0.047911
2796, 0.047911
2798, 0.047911
2799, 0.047911
2800, 0.058077
2804, 0.058078
2808, 0.058078
2811, 0.058078
2812, 0.058078
2813, 0.058078
2816, 0.058079
2819, 0.058079
2820, 0.058079
2822, 0.058079
2824, 0.058079
2826, 0.058079
2828, 0.058079
2831, 0.058079
2832, 0.058079
2836, 0.058079
2840, 0.058079
2844, 0.058079
2848, 0.058079
2852, 0.058079
2856, 0.058079
2859, 0.058079
2860, 0.058080
2864, 0.058080
2872, 0.058472
2874, 0.058472
2880, 0.058476
2888, 0.058477
2890, 0.058477
2892, 0.058477
2896, 0.058656
2900, 0.058656
2901, 0.058656
2904, 0.058665
2909, 0.058665
2912, 0.058667
2916, 0.058667
2920, 0.059247
2927, 0.059247
2930, 0.059247
2935, 0.059248
2936, 0.059248
2944, 0.059248
2948, 0.059248
2952, 0.059248
2960, 0.059248
2964, 0.059248
2972, 0.059248
2983, 0.059248
2984, 0.059248
2988, 0.059248
2992, 0.059249
2996, 0.059249
3000, 0.059277
3001, 0.059277
3013, 0.059277
3018, 0.059277
3020, 0.059277
3028, 0.059277
3030, 0.059277
3036, 0.059277
3040, 0.059278
3042, 0.059278
3048, 0.059278
3049, 0.059278
3052, 0.059278
3054, 0.059278
3065, 0.059278
3068, 0.059278
3072, 0.059865
3073, 0.059870
3078, 0.059870
3080, 0.059870
3100, 0.059870
3104, 0.059870
3107, 0.059870
3112, 0.059870
3118, 0.059870
3120, 0.059870
3125, 0.059870
3130, 0.059870
3148, 0.059870
3150, 0.059870
3168, 0.059870
3175, 0.059870
3184, 0.059870
3192, 0.059870
3196, 0.059870
3200, 0.059871
3203, 0.059871
3212, 0.059871
3216, 0.059894
3220, 0.059894
3222, 0.059894
3232, 0.059894
3233, 0.059894
3235, 0.059894
3240, 0.059894
3244, 0.059894
3272, 0.059894
3275, 0.059894
3276, 0.059894
3277, 0.059894
3280, 0.059895
3294, 0.059895
3296, 0.059895
3298, 0.059895
3300, 0.059896
3304, 0.059896
3306, 0.059896
3311, 0.059896
3326, 0.059896
3327, 0.059896
3339, 0.059896
3344, 0.059896
3350, 0.059896
3355, 0.059896
3360, 0.059896
3365, 0.059896
3366, 0.059896
3368, 0.059896
3372, 0.059896
3375, 0.059896
3386, 0.059896
3388, 0.059896
3392, 0.059896
3403, 0.059896
3405, 0.059896
3422, 0.059897
3425, 0.059897
3428, 0.059897
3431, 0.059897
3440, 0.059897
3444, 0.059897
3450, 0.059898
3454, 0.059898
3456, 0.059898
3460, 0.059898
3472, 0.059898
3474, 0.059898
3480, 0.059898
3497, 0.059898
3500, 0.060486
3503, 0.060486
3504, 0.060486
3508, 0.060487
3510, 0.060487
3516, 0.060487
3520, 0.060487
3538, 0.060487
3545, 0.060487
3548, 0.060487
3559, 0.060487
3560, 0.060487
3570, 0.060487
3575, 0.060487
3580, 0.060487
3584, 0.060497
3586, 0.060497
3588, 0.060497
3589, 0.060497
3592, 0.060497
3600, 0.060522
3609, 0.060522
3614, 0.060522
3616, 0.060522
3624, 0.060522
3628, 0.060522
3632, 0.060522
3640, 0.060522
3642, 0.060522
3646, 0.060522
3648, 0.060522
3653, 0.060522
3656, 0.060525
3664, 0.060525
3684, 0.060525
3687, 0.060525
3690, 0.060526
3693, 0.060526
3703, 0.060526
3718, 0.060526
3720, 0.060526
3727, 0.060526
3731, 0.060526
3736, 0.060526
3744, 0.060527
3748, 0.060527
3749, 0.060527
3750, 0.060529
3751, 0.060529
3752, 0.060529
3756, 0.060529
3766, 0.060529
3772, 0.060529
3774, 0.060529
3776, 0.060529
3780, 0.060535
3783, 0.060535
3784, 0.060535
3788, 0.060535
3792, 0.060542
3796, 0.060542
3798, 0.060542
3804, 0.060542
3808, 0.060543
3810, 0.060543
3812, 0.060543
3816, 0.060543
3818, 0.060543
3824, 0.060543
3828, 0.060543
3830, 0.060543
3840, 0.060553
3856, 0.060553
3857, 0.060553
3864, 0.060553
3870, 0.060553
3872, 0.060553
3875, 0.060553
3876, 0.060553
3888, 0.060556
3892, 0.060556
3894, 0.060556
3896, 0.060556
3900, 0.060608
3906, 0.060608
3908, 0.060608
3912, 0.060611
3915, 0.060612
3918, 0.060612
3924, 0.060612
3925, 0.060612
3927, 0.060612
3930, 0.060612
3936, 0.060612
3952, 0.060612
3960, 0.060618
3963, 0.060618
3965, 0.060618
3968, 0.060618
3969, 0.060618
3972, 0.060618
3975, 0.060618
3976, 0.060618
3981, 0.060618
3984, 0.060619
3987, 0.060619
3988, 0.060619
3990, 0.060620
3992, 0.060620
3996, 0.060620
4000, 0.060630
4001, 0.060630
4002, 0.060630
4008, 0.060631
4010, 0.060631
4014, 0.060631
4020, 0.060632
4026, 0.060632
4032, 0.060632
4034, 0.060632
4040, 0.060632
4044, 0.060636
4048, 0.060636
4050, 0.060682
4056, 0.060684
4068, 0.060684
4071, 0.060684
4072, 0.060684
4079, 0.060684
4080, 0.060711
4086, 0.060711
4091, 0.060711
4092, 0.060712
4094, 0.060712
4095, 0.060727
4096, 0.106172
4098, 0.106172
4104, 0.106186
4110, 0.106188
4112, 0.106188
4116, 0.106188
4122, 0.106189
4125, 0.106192
4128, 0.111544
4131, 0.111544
4134, 0.111545
4140, 0.114068
4142, 0.114068
4146, 0.114068
4147, 0.114068
4152, 0.114069
4155, 0.114072
4158, 0.114072
4160, 0.114072
4161, 0.114089
4164, 0.114095
4170, 0.114096
4171, 0.114096
4176, 0.114098
4180, 0.114098
4185, 0.114098
4188, 0.114105
4192, 0.114108
4194, 0.114109
4196, 0.114109
4200, 0.114267
4206, 0.114267
4209, 0.114267
4212, 0.114269
4217, 0.114269
4218, 0.114269
4222, 0.114269
4224, 0.114271
4230, 0.114274
4233, 0.114274
4236, 0.114275
4240, 0.114275
4242, 0.114281
4248, 0.114281
4251, 0.114281
4254, 0.114282
4260, 0.114287
4266, 0.114287
4269, 0.114287
4270, 0.114287
4272, 0.114288
4278, 0.114288
4280, 0.114288
4284, 0.114293
4288, 0.114303
4290, 0.114305
4292, 0.114305
4293, 0.114305
4296, 0.114308
4305, 0.114308
4306, 0.114308
4308, 0.114536
4314, 0.114538
4315, 0.114538
4319, 0.114538
4320, 0.114583
4326, 0.114584
4332, 0.114584
4335, 0.114584
4336, 0.114584
4338, 0.114586
4341, 0.114586
4344, 0.117567
4347, 0.117567
4350, 0.117569
4352, 0.117569
4353, 0.117569
4355, 0.117569
4356, 0.117590
4357, 0.117590
4360, 0.117590
4362, 0.117590
4368, 0.117591
4369, 0.117617
4370, 0.117617
4374, 0.117617
4380, 0.144811
4384, 0.144811
4386, 0.144812
4388, 0.144812
4392, 0.144812
4398, 0.144825
4400, 0.144825
4404, 0.144828
4410, 0.144829
4412, 0.144829
4413, 0.144829
4416, 0.144841
4420, 0.144841
4422, 0.144842
4423, 0.144842
4428, 0.144842
4434, 0.144842
4440, 0.144842
4444, 0.144842
4446, 0.144842
4452, 0.144843
4458, 0.144843
4464, 0.144846
4470, 0.144846
4472, 0.144847
4476, 0.144847
4480, 0.144847
4482, 0.144848
4488, 0.144848
4490, 0.144848
4494, 0.144853
4500, 0.144881
4501, 0.144881
4512, 0.144881
4520, 0.144881
4524, 0.144881
4530, 0.144881
4534, 0.144881
4536, 0.144881
4544, 0.144881
4548, 0.144881
4554, 0.144884
4560, 0.144884
4563, 0.144884
4569, 0.144885
4572, 0.144885
4576, 0.144885
4579, 0.144885
4584, 0.144885
4592, 0.144955
4597, 0.144955
4600, 0.144955
4608, 0.144967
4610, 0.144967
4612, 0.144968
4614, 0.144968
4615, 0.144968
4616, 0.144968
4628, 0.144968
4632, 0.144968
4638, 0.144968
4640, 0.144969
4644, 0.144996
4648, 0.144996
4652, 0.144996
4664, 0.144997
4665, 0.144997
4672, 0.144998
4680, 0.144999
4686, 0.144999
4696, 0.144999
4704, 0.144999
4707, 0.144999
4712, 0.144999
4720, 0.144999
4728, 0.145000
4734, 0.145000
4736, 0.145000
4740, 0.145000
4752, 0.145000
4755, 0.145000
4760, 0.145000
4772, 0.145000
4776, 0.145000
4784, 0.145000
4792, 0.145001
4794, 0.145001
4800, 0.145001
4806, 0.145001
4808, 0.145001
4816, 0.145003
4823, 0.145003
4824, 0.145003
4830, 0.145003
4832, 0.145004
4833, 0.145004
4838, 0.145004
4840, 0.145004
4842, 0.145004
4844, 0.145004
4848, 0.145004
4852, 0.145005
4867, 0.145005
4872, 0.145005
4880, 0.145006
4892, 0.145006
4896, 0.145006
4900, 0.145006
4908, 0.145006
4912, 0.145012
4920, 0.145012
4924, 0.145012
4928, 0.145012
4936, 0.145012
4937, 0.145012
4944, 0.145012
4946, 0.145012
4947, 0.145012
4952, 0.145012
4955, 0.145012
4960, 0.145015
4968, 0.145015
4972, 0.145015
4976, 0.145015
4980, 0.145015
4984, 0.145015
4992, 0.145328
5000, 0.145333
5004, 0.145367
5008, 0.145367
5012, 0.145367
5016, 0.145367
5020, 0.145367
5024, 0.145367
5032, 0.145367
5040, 0.145375
5048, 0.145375
5060, 0.145375
5068, 0.145376
5070, 0.145376
5072, 0.145382
5076, 0.145382
5080, 0.145382
5084, 0.145382
5088, 0.145382
5092, 0.145382
5096, 0.145382
5098, 0.145382
5100, 0.145382
5104, 0.145383
5105, 0.145383
5110, 0.145383
5112, 0.145383
5113, 0.145383
5120, 0.145393
5124, 0.145393
5132, 0.145393
5136, 0.145393
5140, 0.145393
5142, 0.145393
5144, 0.145393
5152, 0.145399
5160, 0.145399
5166, 0.145403
5168, 0.145404
5172, 0.145404
5180, 0.145404
5184, 0.145404
5187, 0.145404
5190, 0.145404
5192, 0.145424
5196, 0.145424
5200, 0.145425
5208, 0.145444
5212, 0.145444
5216, 0.145444
5224, 0.145445
5228, 0.145445
5232, 0.145453
5236, 0.145453
5240, 0.145458
5244, 0.145460
5248, 0.145461
5252, 0.145463
5260, 0.145464
5264, 0.145464
5272, 0.145467
5273, 0.145467
5280, 0.145472
5292, 0.145472
5296, 0.145473
5300, 0.145473
5304, 0.145473
5312, 0.145498
5316, 0.145498
5320, 0.145498
5321, 0.145498
5328, 0.145498
5332, 0.145498
5336, 0.145499
5340, 0.145499
5344, 0.145499
5348, 0.145499
5352, 0.145500
5356, 0.145500
5360, 0.145546
5364, 0.145546
5367, 0.145546
5368, 0.145546
5372, 0.145546
5376, 0.145551
5380, 0.145551
5384, 0.145553
5388, 0.145553
5392, 0.151251
5395, 0.151251
5396, 0.151251
5400, 0.151251
5404, 0.151252
5408, 0.151256
5412, 0.151256
5416, 0.151258
5420, 0.151258
5424, 0.153105
5428, 0.153106
5432, 0.153117
5436, 0.153118
5440, 0.153275
5444, 0.153276
5448, 0.153289
5452, 0.153290
5456, 0.153290
5457, 0.153290
5460, 0.153290
5464, 0.153291
5468, 0.153291
5472, 0.153945
5476, 0.153945
5480, 0.153948
5484, 0.153948
5488, 0.153949
5492, 0.153949
5494, 0.153949
5496, 0.153950
5498, 0.153950
5500, 0.153952
5504, 0.153988
5508, 0.153988
5512, 0.154034
5516, 0.154034
5520, 0.154085
5524, 0.154085
5526, 0.154086
5527, 0.154086
5528, 0.154154
5532, 0.154195
5536, 0.154203
5540, 0.154204
5544, 0.154219
5548, 0.154219
5552, 0.154389
5555, 0.154389
5556, 0.154390
5560, 0.154827
5564, 0.154827
5568, 0.154852
5572, 0.154854
5576, 0.154875
5580, 0.154875
5584, 0.155067
5586, 0.155067
5588, 0.155067
5592, 0.155306
5596, 0.155306
5600, 0.156666
5604, 0.156671
5608, 0.157133
5612, 0.157135
5615, 0.157135
5616, 0.157349
5620, 0.157350
5622, 0.157350
5624, 0.157407
5628, 0.157407
5632, 0.160239
5636, 0.160239
5640, 0.160293
5642, 0.160293
5644, 0.160293
5648, 0.160469
5652, 0.160469
5656, 0.160537
5660, 0.160537
5663, 0.160537
5664, 0.160549
5668, 0.160549
5672, 0.160579
5676, 0.160579
5677, 0.160579
5680, 0.160710
5684, 0.160711
5688, 0.160724
5692, 0.160725
5696, 0.161080
5700, 0.161080
5704, 0.161132
5706, 0.161132
5708, 0.161132
5712, 0.172891
5716, 0.172892
5720, 0.172902
5723, 0.172902
5724, 0.172923
5728, 0.173394
5732, 0.173396
5736, 0.173439
5740, 0.173439
5744, 0.173924
5748, 0.173924
5752, 0.173975
5756, 0.173976
5760, 0.240688
5764, 0.240688
5768, 0.240689
5772, 0.240689
5776, 0.240838
5777, 0.240838
5780, 0.240838
5784, 0.240839
5788, 0.240839
5792, 0.410014
5796, 0.410014
5800, 0.410019
5802, 0.410019
5804, 0.410019
5808, 0.412849
5811, 0.412850
5812, 0.412850
5816, 0.412851
5820, 0.412851
5823, 0.412853
5824, 0.412908
5831, 0.412908
5832, 0.412910
5834, 0.412910
5836, 0.412910
5838, 0.412910
5839, 0.412911
5840, 0.424324
5844, 0.424348
5850, 0.424348
5856, 0.424349
5860, 0.424349
5862, 0.424349
5880, 0.424349
5888, 0.424349
5890, 0.424349
5892, 0.424350
5896, 0.424350
5900, 0.424350
5904, 0.424350
5912, 0.424350
5916, 0.424351
5918, 0.424351
5920, 0.424351
5926, 0.424351
5928, 0.424351
5964, 0.424351
5967, 0.424351
5974, 0.424351
5976, 0.424351
5980, 0.424351
5984, 0.424351
5988, 0.424354
5995, 0.424354
6000, 0.424420
6010, 0.424420
6048, 0.424420
6060, 0.424420
6081, 0.424420
6104, 0.424420
6110, 0.424420
6112, 0.424420
6120, 0.424420
6142, 0.424420
6143, 0.424421
6144, 0.424490
6154, 0.424490
6190, 0.424490
6200, 0.424490
6202, 0.424490
6203, 0.424490
6251, 0.424490
6283, 0.424490
6300, 0.424490
6334, 0.424490
6336, 0.424490
6340, 0.424491
6376, 0.424491
6387, 0.424491
6400, 0.424999
6432, 0.425001
6439, 0.425001
6444, 0.425001
6447, 0.425001
6451, 0.425001
6469, 0.425001
6480, 0.425001
6488, 0.425001
6500, 0.425003
6537, 0.425003
6553, 0.425003
6560, 0.425003
6594, 0.425003
6595, 0.425003
6600, 0.425003
6602, 0.425003
6628, 0.425003
6629, 0.425003
6668, 0.425003
6677, 0.425003
6680, 0.425003
6714, 0.425050
6715, 0.425050
6720, 0.425051
6723, 0.425051
6770, 0.425051
6800, 0.425051
6822, 0.425051
6831, 0.425051
6864, 0.425051
6880, 0.425051
6892, 0.425051
6897, 0.425051
6900, 0.425051
6912, 0.425051
6927, 0.425052
6940, 0.425052
6950, 0.425052
6952, 0.425052
6979, 0.425052
6980, 0.425052
6990, 0.425052
6994, 0.425052
7000, 0.425052
7008, 0.425052
7016, 0.425052
7020, 0.425052
7030, 0.425052
7040, 0.425052
7044, 0.425052
7060, 0.425052
7070, 0.425053
7074, 0.425053
7080, 0.425053
7090, 0.425053
7096, 0.425053
7100, 0.425053
7113, 0.425053
7118, 0.425053
7120, 0.425053
7137, 0.425053
7140, 0.425053
7141, 0.425054
7144, 0.425054
7160, 0.425054
7165, 0.425054
7168, 0.425054
7178, 0.425054
7180, 0.425054
7200, 0.425054
7204, 0.425054
7220, 0.425054
7240, 0.425137
7242, 0.425137
7250, 0.425137
7251, 0.425137
7252, 0.425140
7254, 0.425140
7260, 0.425141
7270, 0.425141
7275, 0.425141
7277, 0.425141
7278, 0.425141
7280, 0.425141
7292, 0.425141
7296, 0.425142
7300, 0.425366
7320, 0.425366
7340, 0.425366
7344, 0.425366
7352, 0.425366
7370, 0.425366
7380, 0.425366
7400, 0.425367
7420, 0.425367
7428, 0.425367
7442, 0.425367
7448, 0.425367
7460, 0.425367
7480, 0.425367
7500, 0.425369
7504, 0.425369
7516, 0.425369
7525, 0.425369
7532, 0.425369
7560, 0.425370
7571, 0.425370
7594, 0.425370
7600, 0.425370
7605, 0.425370
7620, 0.425370
7621, 0.425370
7622, 0.425370
7624, 0.425370
7627, 0.425370
7640, 0.425370
7669, 0.425370
7680, 0.425372
7683, 0.425372
7713, 0.425372
7720, 0.425372
7741, 0.425372
7760, 0.425373
7775, 0.425373
7780, 0.425373
7790, 0.425373
7796, 0.425373
7800, 0.425374
7806, 0.425374
7813, 0.425374
7817, 0.425374
7835, 0.425374
7840, 0.425374
7896, 0.425374
7920, 0.425415
7941, 0.425415
7950, 0.425415
7952, 0.425415
7996, 0.425415
8000, 0.425547
8022, 0.425547
8024, 0.425547
8030, 0.425547
8081, 0.425547
8088, 0.425548
8089, 0.425548
8092, 0.425548
8096, 0.425554
8112, 0.425561
8138, 0.425561
8139, 0.425561
8144, 0.425561
8161, 0.425561
8180, 0.425561
8181, 0.425561
8183, 0.425561
8184, 0.425561
8185, 0.425561
8190, 0.428549
8191, 0.428549
8192, 0.511598
8193, 0.511598
8196, 0.511598
8200, 0.511598
8202, 0.511598
8208, 0.511659
8212, 0.511659
8215, 0.511660
8220, 0.511660
8223, 0.511664
8226, 0.511664
8228, 0.511664
8232, 0.511664
8244, 0.511668
8250, 0.511668
8251, 0.511668
8256, 0.511669
8260, 0.511669
8261, 0.511669
8268, 0.511670
8280, 0.511679
8292, 0.511681
8304, 0.511681
8313, 0.511681
8316, 0.511681
8322, 0.511681
8328, 0.511700
8337, 0.511700
8340, 0.511703
8352, 0.511703
8358, 0.511703
8359, 0.511703
8364, 0.511704
8375, 0.511704
8376, 0.511705
8384, 0.511705
8388, 0.511706
8394, 0.511706
8400, 0.511719
8412, 0.511722
8416, 0.511722
8424, 0.511723
8432, 0.511723
8434, 0.511723
8436, 0.511725
8440, 0.511725
8448, 0.511729
8456, 0.511729
8460, 0.511729
8466, 0.511729
8472, 0.511730
8480, 0.511730
8484, 0.511732
8496, 0.511732
8500, 0.511734
8508, 0.511734
8520, 0.511736
8532, 0.511736
8540, 0.511736
8542, 0.511736
8544, 0.511737
8556, 0.511737
8560, 0.511737
8568, 0.511742
8570, 0.511742
8576, 0.511742
8580, 0.511744
8592, 0.511744
8596, 0.511745
8600, 0.511745
8604, 0.511745
8616, 0.511748
8620, 0.511748
8622, 0.511748
8627, 0.511748
8628, 0.511748
8640, 0.511823
8652, 0.511823
8658, 0.511823
8663, 0.511823
8664, 0.511824
8666, 0.511824
8668, 0.511824
8676, 0.511824
8680, 0.511824
8684, 0.511824
8687, 0.511824
8688, 0.512774
8700, 0.512774
8704, 0.512775
8712, 0.512778
8724, 0.512778
8728, 0.512778
8729, 0.512778
8736, 0.512778
8740, 0.512779
8742, 0.512779
8748, 0.512804
8750, 0.512804
8760, 0.513242
8761, 0.513242
8762, 0.513242
8766, 0.513242
8767, 0.513251
8774, 0.513251
8780, 0.513251
8785, 0.513252
8788, 0.513252
8790, 0.513252
8805, 0.513252
8811, 0.513252
8816, 0.513252
8820, 0.513252
8836, 0.513252
8844, 0.513256
8856, 0.513257
8862, 0.513257
8864, 0.513258
8873, 0.513258
8874, 0.513258
8876, 0.513258
8880, 0.513258
8892, 0.513258
8896, 0.513258
8900, 0.513258
8902, 0.513258
8908, 0.513258
8911, 0.513258
8912, 0.513258
8918, 0.513258
8925, 0.513258
8928, 0.513258
8934, 0.513258
8937, 0.513258
8946, 0.513258
8949, 0.513258
8960, 0.513259
8961, 0.513259
8980, 0.513259
9000, 0.513260
9016, 0.513264
9027, 0.513264
9030, 0.513264
9043, 0.513264
9044, 0.513264
9080, 0.513264
9086, 0.513264
9088, 0.513264
9092, 0.513264
9100, 0.513266
9108, 0.513266
9110, 0.513266
9112, 0.513266
9114, 0.513266
9120, 0.513266
9128, 0.513266
9132, 0.513266
9144, 0.513266
9152, 0.513266
9156, 0.513267
9164, 0.513267
9170, 0.513267
9184, 0.513267
9191, 0.513267
9198, 0.513267
9201, 0.513267
9212, 0.513267
9216, 0.513284
9217, 0.513284
9226, 0.513284
9233, 0.513284
9240, 0.513284
9243, 0.513284
9254, 0.513284
9255, 0.513285
9268, 0.513285
9273, 0.513285
9288, 0.513285
9296, 0.513285
9303, 0.513285
9310, 0.513285
9324, 0.513285
9325, 0.513285
9326, 0.513285
9338, 0.513285
9345, 0.513285
9352, 0.513285
9356, 0.513285
9360, 0.513285
9366, 0.513286
9373, 0.513286
9380, 0.513288
9384, 0.513288
9394, 0.513288
9400, 0.513288
9408, 0.513289
9422, 0.513289
9425, 0.513289
9434, 0.513289
9436, 0.513298
9437, 0.513298
9445, 0.513298
9450, 0.513298
9452, 0.513298
9457, 0.513298
9464, 0.513299
9470, 0.513299
9478, 0.513299
9480, 0.513301
9485, 0.513301
9492, 0.513301
9496, 0.513301
9499, 0.513301
9500, 0.513303
9502, 0.513303
9504, 0.513303
9506, 0.513303
9520, 0.513316
9548, 0.513317
9556, 0.513317
9572, 0.513317
9576, 0.513327
9586, 0.513327
9588, 0.513327
9592, 0.513327
9594, 0.513327
9600, 0.513328
9602, 0.513328
9604, 0.513329
9606, 0.513329
9612, 0.513329
9620, 0.513329
9624, 0.513329
9632, 0.513329
9638, 0.513329
9644, 0.513329
9648, 0.513329
9650, 0.513329
9652, 0.513354
9656, 0.513354
9660, 0.513355
9666, 0.513355
9683, 0.513355
9695, 0.513355
9702, 0.513355
9716, 0.513355
9720, 0.513355
9730, 0.513355
9732, 0.513355
9734, 0.513355
9736, 0.513355
9738, 0.513355
9742, 0.513355
9751, 0.513355
9753, 0.513355
9758, 0.513355
9800, 0.513356
9814, 0.513356
9816, 0.513356
9838, 0.513356
9840, 0.513356
9850, 0.513356
9856, 0.513356
9880, 0.513357
9896, 0.513368
9898, 0.513368
9904, 0.513368
9920, 0.513369
9968, 0.513369
9978, 0.513369
9980, 0.513369
9982, 0.513369
9990, 0.513369
10000, 0.514665
10002, 0.514665
10019, 0.514665
10024, 0.514665
10044, 0.514665
10048, 0.514665
10052, 0.514665
10069, 0.514665
10080, 0.514667
10086, 0.514667
10128, 0.514667
10136, 0.514684
10141, 0.514684
10142, 0.514684
10164, 0.514685
10173, 0.514685
10180, 0.514685
10184, 0.514685
10192, 0.514685
10216, 0.514685
10218, 0.514685
10220, 0.514695
10232, 0.514695
10239, 0.514695
10240, 0.514726
10242, 0.514726
10243, 0.514726
10245, 0.514726
10287, 0.514726
10290, 0.514726
10320, 0.514726
10340, 0.514726
10342, 0.514726
10344, 0.514726
10370, 0.514726
10400, 0.514726
10432, 0.514726
10450, 0.514726
10456, 0.514726
10466, 0.514726
10474, 0.514726
10480, 0.514727
10500, 0.514729
10510, 0.514729
10528, 0.514729
10548, 0.514729
10567, 0.514729
10570, 0.514729
10582, 0.514729
10600, 0.514729
10607, 0.514729
10619, 0.514729
10638, 0.514729
10644, 0.514729
10656, 0.514729
10664, 0.514729
10675, 0.514729
10688, 0.514729
10700, 0.514730
10720, 0.514730
10768, 0.514730
10784, 0.514730
10786, 0.514730
10791, 0.514730
10792, 0.514730
10817, 0.514730
10880, 0.514730
10890, 0.514730
10896, 0.514730
10913, 0.514730
10944, 0.514730
10951, 0.514730
10968, 0.514730
10976, 0.514733
10980, 0.514733
11000, 0.514733
11040, 0.514734
11083, 0.514734
11096, 0.514734
11104, 0.514734
11112, 0.514734
11136, 0.514734
11140, 0.514734
11144, 0.514734
11151, 0.514734
11163, 0.514734
11170, 0.514734
11184, 0.514734
11200, 0.514734
11210, 0.514734
11216, 0.514734
11222, 0.514734
11226, 0.514734
11232, 0.514734
11244, 0.514734
11260, 0.514734
11264, 0.514734
11280, 0.514734
11296, 0.514734
11308, 0.514734
11358, 0.514734
11360, 0.514741
11364, 0.514741
11376, 0.514742
11392, 0.514814
11401, 0.514814
11426, 0.514814
11452, 0.514814
11457, 0.514814
11460, 0.514814
11480, 0.514816
11488, 0.514834
11500, 0.514835
11510, 0.514835
11520, 0.514919
11557, 0.514919
11584, 0.515180
11600, 0.515181
11616, 0.515189
11648, 0.515191
11654, 0.515191
11655, 0.515191
11660, 0.515191
11669, 0.515191
11672, 0.515191
11679, 0.515191
11680, 0.515789
11688, 0.515789
11725, 0.515789
11736, 0.515789
11768, 0.515789
11772, 0.515789
11792, 0.515792
11808, 0.515792
11811, 0.515792
11840, 0.515793
11844, 0.515803
11856, 0.515804
11860, 0.515804
11873, 0.515804
11874, 0.515804
11875, 0.515804
11878, 0.515804
11880, 0.515804
11881, 0.515804
11883, 0.515804
11884, 0.515804
11886, 0.515804
11887, 0.515804
11888, 0.515804
11890, 0.515804
11891, 0.515804
11892, 0.515804
11894, 0.515804
11895, 0.515804
11896, 0.515808
11897, 0.515808
11898, 0.515808
11900, 0.515808
11903, 0.515808
11904, 0.515808
11905, 0.515808
11906, 0.515808
11910, 0.515808
11911, 0.515808
11914, 0.515808
11915, 0.515809
11917, 0.515809
11919, 0.515809
11920, 0.515809
11921, 0.515809
11922, 0.515809
11923, 0.515809
11924, 0.515809
11935, 0.515809
11970, 0.515809
11980, 0.515809
12000, 0.515809
12010, 0.515809
12033, 0.515810
12040, 0.515810
12050, 0.515810
12054, 0.515810
12060, 0.515810
12066, 0.515815
12072, 0.515816
12075, 0.515816
12078, 0.515816
12080, 0.515816
12090, 0.515816
12096, 0.515820
12100, 0.515820
12102, 0.515820
12108, 0.515820
12118, 0.515820
12120, 0.515820
12132, 0.515821
12136, 0.515821
12138, 0.515821
12140, 0.515821
12144, 0.515821
12148, 0.515821
12150, 0.515821
12152, 0.515821
12156, 0.515821
12160, 0.515822
12180, 0.515822
12184, 0.515822
12200, 0.515822
12222, 0.515822
12226, 0.515822
12240, 0.515826
12278, 0.515826
12280, 0.515835
12288, 0.515873
12292, 0.515873
12295, 0.515873
12296, 0.515873
12300, 0.515873
12312, 0.515874
12320, 0.515874
12325, 0.515874
12332, 0.515874
12350, 0.515874
12360, 0.515874
12380, 0.515875
12384, 0.515875
12400, 0.515891
12402, 0.515891
12410, 0.515891
12420, 0.515891
12430, 0.515891
12440, 0.515891
12444, 0.515891
12450, 0.515891
12471, 0.515891
12474, 0.515891
12480, 0.516146
12487, 0.516146
12490, 0.516146
12492, 0.516147
12500, 0.516148
12502, 0.516148
12510, 0.516148
12520, 0.516149
12526, 0.516149
12528, 0.516149
12560, 0.516149
12564, 0.516149
12569, 0.516149
12574, 0.516149
12580, 0.516149
12592, 0.516149
12600, 0.516163
12618, 0.516163
12620, 0.516163
12630, 0.516163
12636, 0.516163
12640, 0.516163
12650, 0.516163
12654, 0.516163
12665, 0.516163
12672, 0.516172
12680, 0.516172
12685, 0.516172
12695, 0.516172
12697, 0.516172
12698, 0.516172
12699, 0.516172
12714, 0.516172
12715, 0.516172
12720, 0.516172
12725, 0.516172
12740, 0.516172
12744, 0.516172
12754, 0.516173
12760, 0.516173
12762, 0.516173
12780, 0.516173
12788, 0.516173
12790, 0.516173
12800, 0.516173
12826, 0.516173
12828, 0.516173
12837, 0.516173
12838, 0.516173
12852, 0.516173
12863, 0.516173
12864, 0.516173
12876, 0.516173
12880, 0.516174
12888, 0.516174
12890, 0.516174
12896, 0.516174
12900, 0.516174
12904, 0.516174
12920, 0.516174
12924, 0.516174
12936, 0.516174
12960, 0.516175
12967, 0.516175
12976, 0.516175
12980, 0.516188
12996, 0.516188
13000, 0.516189
13020, 0.516189
13032, 0.516223
13040, 0.516223
13060, 0.516223
13068, 0.516224
13080, 0.516226
13100, 0.516226
13104, 0.516226
13120, 0.516226
13128, 0.516226
13130, 0.516226
13140, 0.516237
13149, 0.516237
13152, 0.516237
13153, 0.516237
13158, 0.516237
13160, 0.516237
13167, 0.516237
13171, 0.516237
13176, 0.516237
13180, 0.516238
13184, 0.516238
13185, 0.516238
13190, 0.516238
13194, 0.516239
13200, 0.516239
13212, 0.516242
13220, 0.516242
13228, 0.516242
13230, 0.516243
13240, 0.516243
13248, 0.516244
13254, 0.516244
13257, 0.516244
13260, 0.516244
13261, 0.516244
13266, 0.516245
13275, 0.516245
13280, 0.516255
13284, 0.516255
13291, 0.516255
13292, 0.516255
13293, 0.516255
13300, 0.516255
13302, 0.516255
13310, 0.516255
13320, 0.516256
13340, 0.516256
13344, 0.516256
13350, 0.516256
13356, 0.516256
13358, 0.516256
13360, 0.516256
13370, 0.516256
13373, 0.516256
13374, 0.516256
13380, 0.516257
13392, 0.516257
13400, 0.516259
13410, 0.516259
13412, 0.516259
13420, 0.516259
13428, 0.516259
13432, 0.516259
13440, 0.516262
13446, 0.516264
13448, 0.516264
13460, 0.516264
13464, 0.516264
13475, 0.516264
13480, 0.517416
13481, 0.517416
13482, 0.517421
13500, 0.517424
13511, 0.517424
13518, 0.517424
13520, 0.517425
13527, 0.517425
13536, 0.517425
13538, 0.517426
13540, 0.517428
13560, 0.517429
13568, 0.517429
13572, 0.517430
13580, 0.517434
13584, 0.517434
13590, 0.517434
13592, 0.517434
13600, 0.517449
13620, 0.517449
13622, 0.517449
13631, 0.517449
13636, 0.517486
13640, 0.517487
13643, 0.517487
13646, 0.517487
13652, 0.517487
13653, 0.517487
13659, 0.517487
13660, 0.517488
13662, 0.517490
13663, 0.517490
13671, 0.517490
13676, 0.517490
13680, 0.517498
13684, 0.517498
13690, 0.517499
13699, 0.517499
13700, 0.517499
13706, 0.517499
13710, 0.517499
13712, 0.517499
13713, 0.517499
13720, 0.517500
13730, 0.517500
13740, 0.517501
13741, 0.517501
13752, 0.517501
13760, 0.517552
13765, 0.517552
13770, 0.517552
13780, 0.517555
13788, 0.517555
13790, 0.517555
13791, 0.517555
13792, 0.517555
13800, 0.517557
13804, 0.517557
13806, 0.517557
13820, 0.517558
13824, 0.517558
13830, 0.517558
13832, 0.517558
13840, 0.517563
13842, 0.517563
13850, 0.517563
13860, 0.517566
13870, 0.517566
13871, 0.517566
13872, 0.517566
13878, 0.517566
13880, 0.517601
13896, 0.517671
13900, 0.517672
13904, 0.517672
13910, 0.517672
13914, 0.517672
13920, 0.517684
13930, 0.517685
13932, 0.517687
13940, 0.517687
13944, 0.517690
13945, 0.517690
13950, 0.517690
13960, 0.517756
13963, 0.517756
13970, 0.517756
13972, 0.517756
13980, 0.522125
13984, 0.522128
13990, 0.522128
14000, 0.522144
14010, 0.522144
14012, 0.522144
14020, 0.522194
14022, 0.522194
14028, 0.522194
14030, 0.522194
14040, 0.522208
14050, 0.522208
14056, 0.522208
14060, 0.522218
14076, 0.522218
14080, 0.522467
14090, 0.522467
14092, 0.522467
14096, 0.522467
14100, 0.522490
14110, 0.522490
14112, 0.522490
14114, 0.522490
14120, 0.522493
14123, 0.522493
14130, 0.522493
14133, 0.522493
14140, 0.522500
14144, 0.522500
14150, 0.522500
14159, 0.522500
14160, 0.522503
14170, 0.522503
14174, 0.522503
14180, 0.522509
14188, 0.522509
14189, 0.522509
14192, 0.522509
14196, 0.522509
14197, 0.522509
14200, 0.522533
14204, 0.522533
14210, 0.522533
14220, 0.522535
14224, 0.522535
14225, 0.522535
14230, 0.522538
14232, 0.522538
14240, 0.522593
14247, 0.522593
14250, 0.522593
14256, 0.522593
14260, 0.522599
14270, 0.522599
14280, 0.524196
14290, 0.524196
14296, 0.524196
14300, 0.524197
14308, 0.524197
14310, 0.524197
14313, 0.524197
14320, 0.524201
14330, 0.524201
14335, 0.524201
14336, 0.524201
14339, 0.524202
14340, 0.524203
14344, 0.524205
14350, 0.524205
14354, 0.524205
14360, 0.524223
14370, 0.524223
14373, 0.524223
14380, 0.524238
14382, 0.524238
14388, 0.524238
14390, 0.524238
14400, 0.525151
14405, 0.525151
14410, 0.525151
14420, 0.525151
14430, 0.525151
14440, 0.525164
14447, 0.525164
14448, 0.525164
14450, 0.525164
14452, 0.525164
14460, 0.525164
14470, 0.525164
14479, 0.525165
14480, 0.774167
14484, 0.774167
14485, 0.774167
14490, 0.774167
14500, 0.774170
14510, 0.774170
14513, 0.774170
14520, 0.775706
14521, 0.775706
14530, 0.775706
14540, 0.775706
14550, 0.775706
14560, 0.775726
14570, 0.775726
14580, 0.775726
14590, 0.775726
14595, 0.775726
14597, 0.775726
14599, 0.775726
14600, 0.810331
14615, 0.810331
14616, 0.810331
14620, 0.810331
14631, 0.810331
14660, 0.810331
14696, 0.810331
14704, 0.810332
14732, 0.810334
14736, 0.810334
14760, 0.810334
14763, 0.810335
14769, 0.810335
14790, 0.810335
14793, 0.810335
14800, 0.810335
14876, 0.810335
14880, 0.810335
14896, 0.810335
14910, 0.810335
14911, 0.810335
14912, 0.810335
14920, 0.810335
14921, 0.810335
14932, 0.810335
14944, 0.810335
14957, 0.810335
14960, 0.810335
14962, 0.810335
14982, 0.810335
15000, 0.810335
15017, 0.810335
15039, 0.810335
15060, 0.810335
15080, 0.810335
15107, 0.810335
15110, 0.810335
15114, 0.810335
15120, 0.810337
15122, 0.810337
15136, 0.810337
15144, 0.810337
15164, 0.810337
15180, 0.810339
15243, 0.810339
15246, 0.810339
15254, 0.810339
15269, 0.810339
15270, 0.810339
15279, 0.810339
15290, 0.810339
15359, 0.810339
15360, 0.810340
15361, 0.810340
15378, 0.810340
15381, 0.810340
15384, 0.810340
15400, 0.810340
15411, 0.810340
15422, 0.810340
15436, 0.810340
15438, 0.810341
15448, 0.810341
15467, 0.810341
15469, 0.810341
15484, 0.810341
15488, 0.810341
15500, 0.810342
15510, 0.810342
15528, 0.810342
15532, 0.810342
15552, 0.810343
15553, 0.810343
15554, 0.810343
15574, 0.810343
15576, 0.810343
15587, 0.810343
15605, 0.810343
15607, 0.810343
15620, 0.810344
15648, 0.810344
15652, 0.810344
15665, 0.810344
15680, 0.810344
15681, 0.810344
15708, 0.810344
15740, 0.810344
15741, 0.810344
15752, 0.810344
15763, 0.810344
15768, 0.810349
15781, 0.810349
15792, 0.810349
15805, 0.810349
15819, 0.810349
15822, 0.810349
15837, 0.810349
15840, 0.810350
15848, 0.810352
15850, 0.810352
15860, 0.810352
15870, 0.810352
15872, 0.810352
15875, 0.810352
15878, 0.810352
15879, 0.810352
15884, 0.810352
15888, 0.810352
15893, 0.810352
15896, 0.810357
15904, 0.810357
15905, 0.810357
15908, 0.810357
15918, 0.810357
15920, 0.810357
15928, 0.810380
15930, 0.810380
15940, 0.810380
15960, 0.810380
15964, 0.810380
15966, 0.810380
15967, 0.810380
15972, 0.810384
15978, 0.810384
15980, 0.810384
15983, 0.810384
15984, 0.810384
15990, 0.810384
16000, 0.812485
16002, 0.812485
16008, 0.812485
16010, 0.812485
16012, 0.812486
16014, 0.812486
16016, 0.812486
16017, 0.812486
16020, 0.812495
16025, 0.812495
16029, 0.812495
16032, 0.812495
16033, 0.812495
16040, 0.812495
16041, 0.812495
16042, 0.812495
16052, 0.812495
16056, 0.812496
16060, 0.812633
16069, 0.812633
16070, 0.812633
16077, 0.812633
16080, 0.812633
16096, 0.812633
16100, 0.812633
16110, 0.812634
16120, 0.812634
16128, 0.812635
16130, 0.812635
16136, 0.812635
16140, 0.812635
16144, 0.812635
16150, 0.812635
16160, 0.812635
16175, 0.812635
16176, 0.812635
16180, 0.812635
16192, 0.812635
16200, 0.812635
16216, 0.812635
16224, 0.812635
16228, 0.812635
16236, 0.812635
16240, 0.812635
16254, 0.812635
16270, 0.812635
16280, 0.812636
16284, 0.812636
16288, 0.812636
16294, 0.812636
16320, 0.812636
16326, 0.812636
16334, 0.812637
16351, 0.812637
16352, 0.812673
16363, 0.812673
16368, 0.812673
16383, 0.812676
16384, 0.895725
16385, 0.895729
16387, 0.895729
16388, 0.895729
16389, 0.895729
16390, 0.895729
16391, 0.895729
16392, 0.895729
16393, 0.895729
16394, 0.895729
16396, 0.895730
16397, 0.895730
16398, 0.895730
16399, 0.895730
16400, 0.895730
16402, 0.895730
16404, 0.895730
16405, 0.895730
16406, 0.895730
16408, 0.895730
16411, 0.895730
16412, 0.895730
16415, 0.895734
16416, 0.895936
16422, 0.895936
16424, 0.895936
16426, 0.895936
16427, 0.895936
16428, 0.895937
16430, 0.895937
16432, 0.895937
16440, 0.895937
16442, 0.895937
16444, 0.895937
16445, 0.895957
16448, 0.895957
16456, 0.895958
16464, 0.895958
16480, 0.895958
16481, 0.895958
16484, 0.895958
16488, 0.895958
16495, 0.895958
16497, 0.895958
16500, 0.895976
16510, 0.895976
16512, 0.895977
16524, 0.895977
16536, 0.895977
16548, 0.895977
16550, 0.895977
16560, 0.896125
16584, 0.896125
16608, 0.896126
16616, 0.896127
16620, 0.896127
16632, 0.896128
16640, 0.896128
16644, 0.896128
16656, 0.896176
16660, 0.896176
16666, 0.896176
16680, 0.896186
16686, 0.896186
16687, 0.896186
16692, 0.896186
16696, 0.896186
16704, 0.896188
16718, 0.896188
16728, 0.896189
16740, 0.896189
16744, 0.896191
16752, 0.896194
16756, 0.896194
16760, 0.896194
16764, 0.896194
16768, 0.896195
16770, 0.896195
16772, 0.896195
16776, 0.896207
16782, 0.896207
16787, 0.896207
16788, 0.896208
16790, 0.896208
16796, 0.896208
16798, 0.896208
16800, 0.896234
16812, 0.896234
16816, 0.896234
16824, 0.896268
16831, 0.896268
16836, 0.896269
16840, 0.896269
16843, 0.896269
16848, 0.896270
16860, 0.896270
16872, 0.896273
16874, 0.896273
16884, 0.896273
16890, 0.896273
16896, 0.896390
16900, 0.896394
16912, 0.896394
16920, 0.896401
16926, 0.896401
16932, 0.896401
16944, 0.896405
16952, 0.896406
16956, 0.896406
16960, 0.896406
16968, 0.896421
16992, 0.896421
17000, 0.896421
17004, 0.896421
17005, 0.896421
17016, 0.896422
17030, 0.896422
17040, 0.896428
17052, 0.896428
17056, 0.896428
17060, 0.896428
17064, 0.896428
17076, 0.896428
17080, 0.896428
17082, 0.896428
17088, 0.896429
17100, 0.896429
17108, 0.896429
17112, 0.896429
17123, 0.896429
17134, 0.896429
17136, 0.896535
17152, 0.896535
17158, 0.896535
17160, 0.896548
17166, 0.896548
17184, 0.896548
17186, 0.896549
17192, 0.896549
17196, 0.896549
17199, 0.896549
17200, 0.896549
17203, 0.896549
17204, 0.896550
17208, 0.896550
17212, 0.896550
17214, 0.896550
17220, 0.896550
17225, 0.896550
17232, 0.896576
17248, 0.896576
17250, 0.896576
17251, 0.896576
17256, 0.896576
17264, 0.896576
17268, 0.896576
17280, 0.896943
17290, 0.896944
17295, 0.896944
17303, 0.896944
17304, 0.896947
17316, 0.896948
17328, 0.896948
17332, 0.896948
17340, 0.896948
17342, 0.896949
17346, 0.896949
17352, 0.896949
17354, 0.896949
17360, 0.896949
17364, 0.896949
17368, 0.896949
17376, 0.904243
17388, 0.904243
17394, 0.904245
17400, 0.904245
17407, 0.904245
17408, 0.904249
17416, 0.904249
17420, 0.904250
17424, 0.904282
17438, 0.904282
17448, 0.904282
17452, 0.904282
17460, 0.904282
17472, 0.904284
17496, 0.904284
17498, 0.904284
17500, 0.904284
17519, 0.904284
17520, 0.905026
17524, 0.905041
17528, 0.905041
17537, 0.905041
17549, 0.905041
17550, 0.905042
17576, 0.905043
17578, 0.905043
17589, 0.905043
17602, 0.905043
17603, 0.905043
17612, 0.905043
17615, 0.905045
17628, 0.905046
17640, 0.905049
17654, 0.905049
17656, 0.905049
17672, 0.905049
17680, 0.905069
17696, 0.905094
17706, 0.905094
17716, 0.905094
17732, 0.905095
17748, 0.905095
17764, 0.905095
17768, 0.905095
17784, 0.905095
17786, 0.905095
17793, 0.905095
17794, 0.905095
17796, 0.905096
17798, 0.905096
17800, 0.905096
17804, 0.905097
17812, 0.905097
17816, 0.905097
17820, 0.905097
17828, 0.905097
17836, 0.905097
17840, 0.905097
17844, 0.905101
17851, 0.905101
17852, 0.905101
17856, 0.905101
17860, 0.905101
17868, 0.905101
17876, 0.905101
17880, 0.905101
17888, 0.905101
17896, 0.905346
17898, 0.910501
17904, 0.910504
17909, 0.910504
17912, 0.910504
17920, 0.910529
17922, 0.910563
17924, 0.910564
17932, 0.910564
17935, 0.910564
17936, 0.910564
17940, 0.910565
17952, 0.910565
17990, 0.910565
18004, 0.910565
18011, 0.910565
18012, 0.910565
18021, 0.910565
18032, 0.910565
18056, 0.910565
18096, 0.910566
18100, 0.910566
18128, 0.910566
18192, 0.910566
18200, 0.910613
18206, 0.910613
18208, 0.910647
18236, 0.910647
18244, 0.910647
18252, 0.910671
18253, 0.910671
18256, 0.910780
18260, 0.910780
18272, 0.910781
18280, 0.910833
18284, 0.910833
18292, 0.910834
18296, 0.910834
18300, 0.910834
18304, 0.910834
18318, 0.910834
18320, 0.910834
18324, 0.910834
18328, 0.910877
18336, 0.910877
18344, 0.910877
18352, 0.910877
18369, 0.910877
18382, 0.910877
18392, 0.910877
18396, 0.910877
18400, 0.910877
18432, 0.910877
18437, 0.910877
18448, 0.910877
18510, 0.910877
18560, 0.910877
18600, 0.910877
18636, 0.910877
18696, 0.910877
18712, 0.910877
18720, 0.910878
18792, 0.910878
18803, 0.910878
18824, 0.910895
18862, 0.910895
18872, 0.910895
18876, 0.910895
18880, 0.910895
18884, 0.910895
18892, 0.910895
18912, 0.910895
18918, 0.910895
18920, 0.910895
18925, 0.910895
18927, 0.910895
18929, 0.910895
18948, 0.910895
18949, 0.910895
18950, 0.910895
18951, 0.910895
18959, 0.910895
18960, 0.910896
18961, 0.910896
18962, 0.910896
18964, 0.910896
18980, 0.910904
19011, 0.910904
19071, 0.910904
19096, 0.910904
19120, 0.910910
19140, 0.910910
19152, 0.910910
19184, 0.910910
19200, 0.910910
19248, 0.910920
19249, 0.910920
19251, 0.910920
19252, 0.910920
19264, 0.910920
19278, 0.910920
19304, 0.910920
19316, 0.910920
19320, 0.910920
19380, 0.910920
19392, 0.910920
19432, 0.910920
19438, 0.910920
19440, 0.910920
19511, 0.910920
19563, 0.910920
19564, 0.910920
19565, 0.910920
19598, 0.910920
19715, 0.910920
19740, 0.910920
19825, 0.910920
19840, 0.910920
19844, 0.910920
19845, 0.910920
19848, 0.910920
19849, 0.910920
19850, 0.910920
19851, 0.910920
19852, 0.910920
19853, 0.910920
19854, 0.910920
19855, 0.910920
19856, 0.910920
19857, 0.910920
19858, 0.910920
19859, 0.910921
19860, 0.910921
19861, 0.910921
19862, 0.910921
19865, 0.910921
19867, 0.910921
19896, 0.910921
19922, 0.910921
19980, 0.910921
20000, 0.910929
20004, 0.910929
20055, 0.910929
20056, 0.910929
20058, 0.910929
20120, 0.910929
20160, 0.910931
20176, 0.910931
20192, 0.910933
20200, 0.910934
20209, 0.910934
20272, 0.911197
20348, 0.911197
20394, 0.911197
20397, 0.911197
20403, 0.911197
20423, 0.911197
20440, 0.911198
20480, 0.911911
20520, 0.911911
20612, 0.911911
20635, 0.911911
20636, 0.911911
20654, 0.911911
20659, 0.911911
20800, 0.911911
20808, 0.911911
20821, 0.911911
20828, 0.911911
20829, 0.911911
20831, 0.911911
20832, 0.911911
20833, 0.911911
20834, 0.911911
20835, 0.911911
20836, 0.911911
20837, 0.911911
20838, 0.911912
20839, 0.911912
20840, 0.911912
20841, 0.911912
20842, 0.911912
20843, 0.911912
20844, 0.911912
20845, 0.911912
20846, 0.911912
20847, 0.911912
20848, 0.911912
20849, 0.911912
20850, 0.911912
20852, 0.911912
20857, 0.911912
20858, 0.911912
20859, 0.911912
20860, 0.911912
20861, 0.911912
20862, 0.911912
20880, 0.911912
20884, 0.911912
20888, 0.911912
20944, 0.911912
20992, 0.911912
21008, 0.911912
21060, 0.911912
21152, 0.911912
21165, 0.911912
21185, 0.911912
21225, 0.911912
21229, 0.911912
21266, 0.911912
21283, 0.911912
21300, 0.911912
21350, 0.911912
21394, 0.911912
21403, 0.911912
21425, 0.911912
21440, 0.911912
21455, 0.911912
21584, 0.911912
21601, 0.911912
21608, 0.911912
21660, 0.911912
21720, 0.911913
21760, 0.912224
21841, 0.912224
21853, 0.912224
21888, 0.912224
21896, 0.912224
21900, 0.912237
21933, 0.912237
21965, 0.912237
22023, 0.912237
22080, 0.912237
22092, 0.912237
22097, 0.912237
22098, 0.912238
22134, 0.912238
22140, 0.912238
22250, 0.912238
22256, 0.912238
22342, 0.912238
22344, 0.912238
22368, 0.912238
22400, 0.912260
22413, 0.912260
22415, 0.912260
22428, 0.912260
22429, 0.912260
22430, 0.912260
22431, 0.912260
22433, 0.912260
22440, 0.912260
22445, 0.912260
22449, 0.912260
22454, 0.912260
22457, 0.912260
22459, 0.912260
22461, 0.912260
22469, 0.912260
22477, 0.912260
22482, 0.912260
22483, 0.912260
22484, 0.912260
22486, 0.912260
22489, 0.912260
22490, 0.912260
22495, 0.912260
22496, 0.912260
22497, 0.912260
22507, 0.912260
22508, 0.912260
22509, 0.912260
22510, 0.912260
22511, 0.912260
22512, 0.912260
22528, 0.912261
22578, 0.912261
22592, 0.912261
22624, 0.912261
22688, 0.912261
22693, 0.912261
22694, 0.912261
22720, 0.912261
22800, 0.912261
22824, 0.912261
22864, 0.912261
22916, 0.912261
22948, 0.912261
22960, 0.912261
23009, 0.912261
23040, 0.912261
23070, 0.912261
23160, 0.912261
23162, 0.912261
23168, 0.912269
23200, 0.912269
23232, 0.912269
23353, 0.912269
23360, 0.912318
23368, 0.912318
23444, 0.912318
23467, 0.912318
23490, 0.912318
23522, 0.912318
23538, 0.912318
23553, 0.912318
23572, 0.912318
23584, 0.912318
23652, 0.912318
23659, 0.912318
23685, 0.912318
23688, 0.912318
23690, 0.912318
23691, 0.912318
23692, 0.912318
23711, 0.912318
23760, 0.912319
23767, 0.912319
23792, 0.912319
23820, 0.912319
23821, 0.912319
23844, 0.912319
23857, 0.912319
23864, 0.912319
23880, 0.912319
23892, 0.912319
23960, 0.912319
23967, 0.912319
24000, 0.912344
24061, 0.912344
24080, 0.912344
24104, 0.912344
24106, 0.912344
24109, 0.912344
24120, 0.912346
24160, 0.912346
24164, 0.912346
24259, 0.912346
24290, 0.912346
24291, 0.912346
24304, 0.912346
24320, 0.912347
24321, 0.912347
24345, 0.912347
24386, 0.912347
24420, 0.912347
24468, 0.912347
24522, 0.912347
24560, 0.912348
24574, 0.912348
24576, 0.912352
24595, 0.912352
24616, 0.912410
24624, 0.912430
24628, 0.912430
24638, 0.912430
24648, 0.912430
24650, 0.912430
24651, 0.912430
24657, 0.912430
24658, 0.912430
24662, 0.912430
24684, 0.912433
24700, 0.912433
24740, 0.912433
24750, 0.912433
24776, 0.912433
24780, 0.912435
24804, 0.912435
24820, 0.912451
24831, 0.912451
24840, 0.912451
24948, 0.912451
24960, 0.912453
24966, 0.912453
24972, 0.912453
24984, 0.912453
24986, 0.912453
24994, 0.912453
24998, 0.912453
25000, 0.912461
25016, 0.912461
25020, 0.912461
25025, 0.912461
25065, 0.912461
25067, 0.912461
25105, 0.912461
25107, 0.912461
25115, 0.912461
25123, 0.912461
25126, 0.912461
25127, 0.912461
25128, 0.912461
25130, 0.912461
25131, 0.912461
25132, 0.912461
25133, 0.912461
25138, 0.912461
25142, 0.912461
25145, 0.912461
25146, 0.912461
25164, 0.912461
25188, 0.912462
25200, 0.912489
25228, 0.912489
25236, 0.912490
25238, 0.912490
25239, 0.912490
25266, 0.912490
25272, 0.912490
25329, 0.912490
25333, 0.912490
25344, 0.912490
25360, 0.912490
25389, 0.912490
25422, 0.912490
25443, 0.912490
25460, 0.912490
25510, 0.912490
25546, 0.912490
25560, 0.912490
25595, 0.912490
25600, 0.912681
25612, 0.912681
25614, 0.912681
25615, 0.912681
25632, 0.912681
25640, 0.912681
25688, 0.912681
25704, 0.912681
25740, 0.912681
25760, 0.912681
25768, 0.912684
25800, 0.912684
25840, 0.912684
25848, 0.912685
25884, 0.912685
25895, 0.912685
25897, 0.912685
25920, 0.912685
25921, 0.912685
25956, 0.912685
25960, 0.912685
25992, 0.912685
26000, 0.912688
26023, 0.912688
26028, 0.912688
26060, 0.912688
26064, 0.912688
26136, 0.912688
26160, 0.912689
26200, 0.912689
26240, 0.912689
26244, 0.912689
26280, 0.912689
26294, 0.912689
26295, 0.912689
26320, 0.912689
26360, 0.912689
26362, 0.912689
26363, 0.912689
26400, 0.912689
26480, 0.912689
26508, 0.912689
26520, 0.912689
26532, 0.912689
26544, 0.912709
26560, 0.912710
26574, 0.912710
26610, 0.912710
26640, 0.912710
26652, 0.912710
26660, 0.912710
26668, 0.912710
26680, 0.912710
26688, 0.912710
26694, 0.912710
26697, 0.912710
26700, 0.912710
26706, 0.912710
26720, 0.912710
26740, 0.912710
26760, 0.912711
26763, 0.912711
26778, 0.912711
26784, 0.912711
26790, 0.912711
26800, 0.912711
26820, 0.912711
26832, 0.912711
26844, 0.912734
26847, 0.914578
26880, 0.914582
26883, 0.914596
26886, 0.914597
26892, 0.914597
26898, 0.914597
26915, 0.914597
26920, 0.914597
26928, 0.914597
26943, 0.914597
26946, 0.914597
26960, 0.914618
26980, 0.914618
27000, 0.914618
27040, 0.914618
27054, 0.914618
27080, 0.914618
27107, 0.914618
27120, 0.914619
27144, 0.914619
27147, 0.914619
27158, 0.914619
27160, 0.914619
27189, 0.914619
27200, 0.914620
27216, 0.914620
27240, 0.914620
27252, 0.914620
27260, 0.914620
27272, 0.914621
27280, 0.914621
27320, 0.914621
27325, 0.914621
27336, 0.914621
27337, 0.914621
27360, 0.914636
27384, 0.914636
27400, 0.914636
27420, 0.914636
27438, 0.914636
27440, 0.914637
27444, 0.914637
27446, 0.914637
27474, 0.914637
27480, 0.914637
27486, 0.914637
27492, 0.914637
27500, 0.914637
27501, 0.914637
27520, 0.914638
27528, 0.914638
27540, 0.914638
27552, 0.914638
27560, 0.914638
27574, 0.914638
27580, 0.914638
27600, 0.914639
27636, 0.914639
27640, 0.914639
27647, 0.914639
27664, 0.914639
27668, 0.914639
27680, 0.914639
27681, 0.914639
27700, 0.914639
27720, 0.914640
27737, 0.914640
27740, 0.914640
27750, 0.914640
27760, 0.914645
27778, 0.914645
27780, 0.914645
27792, 0.914645
27800, 0.914646
27838, 0.914646
27840, 0.914646
27854, 0.914646
27864, 0.914646
27880, 0.914646
27888, 0.914646
27904, 0.914647
27920, 0.914647
27930, 0.914647
27931, 0.914647
27932, 0.914647
27944, 0.914647
27948, 0.914647
27960, 0.914653
27968, 0.914653
27993, 0.914653
28000, 0.914655
28004, 0.914655
28016, 0.914655
28020, 0.914656
28040, 0.914672
28077, 0.914672
28080, 0.914674
28084, 0.914675
28109, 0.914675
28116, 0.914675
28120, 0.914677
28154, 0.914677
28158, 0.914677
28160, 0.914899
28164, 0.914899
28189, 0.914899
28196, 0.914899
28200, 0.914900
28240, 0.914900
28251, 0.914900
28252, 0.914901
28260, 0.914901
28280, 0.914902
28289, 0.914902
28294, 0.914902
28308, 0.914902
28320, 0.914902
28322, 0.914902
28336, 0.914902
28343, 0.914902
28360, 0.914908
28365, 0.914908
28380, 0.914908
28386, 0.914908
28400, 0.914929
28412, 0.914929
28413, 0.914929
28420, 0.914929
28424, 0.914930
28440, 0.914930
28460, 0.914930
28462, 0.914930
28464, 0.914930
28480, 0.914936
28483, 0.914936
28500, 0.914936
28520, 0.914936
28560, 0.914946
28592, 0.914946
28600, 0.914947
28640, 0.914947
28660, 0.914947
28672, 0.914947
28680, 0.914947
28720, 0.914948
28728, 0.914948
28760, 0.914949
28780, 0.914949
28800, 0.915027
28809, 0.915027
28820, 0.915027
28821, 0.915027
28860, 0.915027
28880, 0.915033
28896, 0.915033
28917, 0.915033
28918, 0.915033
28920, 0.915033
28928, 0.915033
28934, 0.915033
28940, 0.915033
28944, 0.915033
28960, 0.947145
28968, 0.947145
28978, 0.947145
28980, 0.947146
28983, 0.947146
28984, 0.947146
28986, 0.947146
28991, 0.947146
29000, 0.947146
29010, 0.947147
29032, 0.947147
29036, 0.947147
29040, 0.947149
29080, 0.947149
29081, 0.947149
29100, 0.947149
29104, 0.947149
29120, 0.947149
29143, 0.947149
29200, 0.953330
29380, 0.953330
29433, 0.953330
29475, 0.953330
29526, 0.953330
29533, 0.953330
29695, 0.953330
29736, 0.953330
29762, 0.953330
29802, 0.953330
29829, 0.953330
29830, 0.953330
29831, 0.953330
29832, 0.953330
29834, 0.953330
29836, 0.953330
29841, 0.953330
29844, 0.953330
29845, 0.953330
29846, 0.953330
29851, 0.953330
29856, 0.953330
29858, 0.953330
29860, 0.953330
29896, 0.953330
29922, 0.953330
29937, 0.953330
29947, 0.953330
29956, 0.953330
29989, 0.953330
29999, 0.953330
30000, 0.953331
30065, 0.953331
30097, 0.953331
30109, 0.953331
30317, 0.953331
30345, 0.953331
30360, 0.953331
30362, 0.953331
30400, 0.953331
30403, 0.953331
30408, 0.953331
30410, 0.953331
30492, 0.953338
30495, 0.953338
30504, 0.953338
30524, 0.953338
30564, 0.953338
30580, 0.953338
30600, 0.953338
30602, 0.953338
30612, 0.953338
30613, 0.953338
30620, 0.953338
30628, 0.953338
30632, 0.953338
30652, 0.953338
30660, 0.953355
30707, 0.953355
30720, 0.953356
30725, 0.953357
30730, 0.953357
30731, 0.953357
30756, 0.953357
30772, 0.953357
30783, 0.953357
30784, 0.953357
30800, 0.953357
30824, 0.953357
30832, 0.953357
30835, 0.953357
30844, 0.953357
30973, 0.953357
31000, 0.953363
31025, 0.953364
31030, 0.953364
31050, 0.953364
31064, 0.953364
31087, 0.953364
31096, 0.953364
31108, 0.953364
31115, 0.953364
31118, 0.953364
31124, 0.953364
31125, 0.953364
31126, 0.953364
31133, 0.953364
31135, 0.953364
31136, 0.953364
31150, 0.953364
31158, 0.953364
31159, 0.953364
31160, 0.953364
31161, 0.953364
31163, 0.953364
31177, 0.953365
31184, 0.953365
31188, 0.953365
31231, 0.953365
31270, 0.953365
31277, 0.953365
31290, 0.953365
31328, 0.953365
31355, 0.953365
31372, 0.953365
31385, 0.953365
31395, 0.953365
31410, 0.953365
31416, 0.953365
31480, 0.953365
31518, 0.953365
31536, 0.953365
31556, 0.953365
31562, 0.953365
31570, 0.953365
31592, 0.953366
31663, 0.953366
31680, 0.953370
31693, 0.953370
31705, 0.953370
31708, 0.953370
31716, 0.953370
31724, 0.953370
31740, 0.953372
31744, 0.953373
31757, 0.953373
31766, 0.953373
31768, 0.953373
31817, 0.953373
31824, 0.953373
31856, 0.953377
31857, 0.953377
31869, 0.953377
31878, 0.953377
31896, 0.953378
31900, 0.953378
31920, 0.953378
31944, 0.953381
31988, 0.953381
32000, 0.953507
32003, 0.953507
32016, 0.953507
32062, 0.953507
32116, 0.953507
32120, 0.953574
32128, 0.953574
32154, 0.953574
32160, 0.953574
32189, 0.953574
32197, 0.953574
32200, 0.953575
32212, 0.953575
32229, 0.953575
32239, 0.953579
32246, 0.953579
32292, 0.953579
32301, 0.953579
32315, 0.953579
32329, 0.953579
32346, 0.953579
32384, 0.953580
32416, 0.953581
32430, 0.953581
32447, 0.953581
32476, 0.953581
32481, 0.953581
32485, 0.953581
32500, 0.953582
32512, 0.953582
32522, 0.953583
32534, 0.953583
32595, 0.953583
32600, 0.953583
32614, 0.953583
32640, 0.953583
32649, 0.953583
32656, 0.953583
32660, 0.953583
32662, 0.953584
32664, 0.953584
32673, 0.953584
32676, 0.953584
32677, 0.953584
32678, 0.953584
32706, 0.953584
32720, 0.953587
32723, 0.953587
32733, 0.953587
32736, 0.953601
32765, 0.953601
32767, 0.953660
32768, 0.959203
32769, 0.959203
32771, 0.959203
32772, 0.959203
32773, 0.959203
32774, 0.959203
32777, 0.959203
32778, 0.959204
32780, 0.959204
32781, 0.959204
32783, 0.959204
32788, 0.959204
32789, 0.959206
32791, 0.959207
32792, 0.959207
32793, 0.959207
32795, 0.959207
32796, 0.959207
32798, 0.959207
32799, 0.959208
32800, 0.959208
32804, 0.959208
32805, 0.959208
32806, 0.959277
32808, 0.959277
32817, 0.959277
32818, 0.959277
32824, 0.959277
32830, 0.959277
32832, 0.959299
32833, 0.959299
32841, 0.959299
32842, 0.959299
32844, 0.959300
32850, 0.959301
32851, 0.959304
32852, 0.959304
32853, 0.959304
32864, 0.959304
32880, 0.959304
32885, 0.959304
32890, 0.959304
32900, 0.959304
32928, 0.959305
32930, 0.959305
32933, 0.959305
32934, 0.959305
32935, 0.959305
32936, 0.959305
32942, 0.959313
32947, 0.959313
32950, 0.959313
32951, 0.959313
32965, 0.959313
32968, 0.959313
32976, 0.959313
32982, 0.959313
33000, 0.959315
33012, 0.959315
33016, 0.959315
33024, 0.959315
33026, 0.959315
33027, 0.959315
33028, 0.959316
33032, 0.959316
33046, 0.959316
33050, 0.959316
33051, 0.959316
33072, 0.959317
33074, 0.959317
33075, 0.959317
33088, 0.959317
33096, 0.959317
33098, 0.959317
33110, 0.959317
33112, 0.959317
33120, 0.959338
33125, 0.959338
33156, 0.959338
33166, 0.959338
33168, 0.959338
33170, 0.959338
33174, 0.959338
33177, 0.959338
33200, 0.959339
33212, 0.959339
33216, 0.959339
33227, 0.959339
33232, 0.959339
33250, 0.959339
33252, 0.959339
33258, 0.959339
33264, 0.959340
33268, 0.959340
33280, 0.959340
33288, 0.959340
33300, 0.959340
33304, 0.959572
33312, 0.959578
33316, 0.959578
33320, 0.959578
33325, 0.959578
33350, 0.959578
33354, 0.959578
33360, 0.959580
33375, 0.959580
33392, 0.959580
33396, 0.959602
33408, 0.959602
33410, 0.959602
33418, 0.959602
33426, 0.959602
33442, 0.959603
33450, 0.959603
33456, 0.959606
33464, 0.959606
33465, 0.959606
33480, 0.959606
33488, 0.959607
33500, 0.959607
33504, 0.959607
33536, 0.959607
33540, 0.959608
33552, 0.959608
33554, 0.959608
33558, 0.959608
33580, 0.959904
33592, 0.959904
33600, 0.959929
33601, 0.959929
33611, 0.959929
33621, 0.959929
33640, 0.959929
33648, 0.959931
33650, 0.959931
33656, 0.959931
33666, 0.959931
33688, 0.959931
33696, 0.959933
33700, 0.959934
33744, 0.959934
33750, 0.959937
33786, 0.959937
33792, 0.959939
33800, 0.959941
33804, 0.959941
33819, 0.959941
33828, 0.959941
33829, 0.959941
33830, 0.959941
33831, 0.959941
33840, 0.959941
33850, 0.959941
33852, 0.959941
33858, 0.959941
33888, 0.959943
33900, 0.959943
33904, 0.959943
33912, 0.959943
33936, 0.959944
33984, 0.959945
34000, 0.959960
34008, 0.959960
34020, 0.959960
34021, 0.959960
34022, 0.959960
34026, 0.959960
34027, 0.959960
34032, 0.959961
34036, 0.959961
34037, 0.959961
34039, 0.959961
34050, 0.959961
34060, 0.959961
34080, 0.959975
34086, 0.959975
34098, 0.959975
34100, 0.959975
34128, 0.959975
34139, 0.959975
34148, 0.959975
34167, 0.959975
34176, 0.959976
34180, 0.959976
34200, 0.959976
34224, 0.959976
34227, 0.959976
34228, 0.959976
34254, 0.959976
34255, 0.959976
34256, 0.959976
34258, 0.959976
34259, 0.959976
34260, 0.959976
34261, 0.959976
34262, 0.959977
34263, 0.959977
34264, 0.959977
34265, 0.959977
34266, 0.959977
34267, 0.959977
34269, 0.959977
34272, 0.959977
34273, 0.959977
34274, 0.959977
34276, 0.959977
34277, 0.959977
34278, 0.959977
34279, 0.959977
34282, 0.959977
34294, 0.959977
34295, 0.959977
34297, 0.959977
34298, 0.959977
34397, 0.959977
34423, 0.959977
34500, 0.959977
34637, 0.959977
34638, 0.959977
34656, 0.959977
34665, 0.959977
34666, 0.959977
34667, 0.959977
34668, 0.959977
34669, 0.959977
34670, 0.959977
34672, 0.959977
34677, 0.959977
34729, 0.959977
34743, 0.959977
34752, 0.960109
34815, 0.960109
34816, 0.960109
34950, 0.960109
35000, 0.960109
35040, 0.960132
35103, 0.960132
35105, 0.960132
35125, 0.960132
35128, 0.960132
35157, 0.960132
35200, 0.960132
35325, 0.960132
35360, 0.960132
35431, 0.960132
35476, 0.960132
35479, 0.960132
35520, 0.960132
35522, 0.960132
35524, 0.960133
35586, 0.960133
35660, 0.960133
35670, 0.960133
35671, 0.960133
35672, 0.960133
35673, 0.960133
35674, 0.960133
35675, 0.960133
35688, 0.960133
35689, 0.960133
35691, 0.960133
35692, 0.960133
35695, 0.960133
35698, 0.960133
35707, 0.960133
35709, 0.960133
35738, 0.960133
35792, 0.960133
35796, 0.960134
35824, 0.960134
35840, 0.960134
35844, 0.960134
35880, 0.960134
35975, 0.960134
35977, 0.960134
35982, 0.960134
36000, 0.960134
36045, 0.960134
36134, 0.960134
36200, 0.960134
36233, 0.960134
36268, 0.960134
36420, 0.960134
36441, 0.960134
36500, 0.960134
36550, 0.960134
36562, 0.960135
36564, 0.960136
36567, 0.960136
36574, 0.960136
36581, 0.960136
36596, 0.960136
36617, 0.960136
36625, 0.960136
36643, 0.960136
36645, 0.960136
36647, 0.960136
36656, 0.960136
36683, 0.960136
36720, 0.960136
36760, 0.960136
36767, 0.960136
36800, 0.960136
36864, 0.960137
36975, 0.960137
36993, 0.960137
37095, 0.960137
37105, 0.960137
37114, 0.960137
37128, 0.960137
37210, 0.960137
37300, 0.960137
37316, 0.960137
37325, 0.960137
37327, 0.960137
37328, 0.960137
37389, 0.960137
37393, 0.960137
37394, 0.960137
37395, 0.960137
37413, 0.960137
37420, 0.960137
37421, 0.960137
37422, 0.960137
37431, 0.960137
37444, 0.960137
37477, 0.960137
37500, 0.960137
37507, 0.960137
37508, 0.960138
37555, 0.960138
37595, 0.960138
37653, 0.960138
37678, 0.960138
37752, 0.960138
37932, 0.960138
37960, 0.960138
38095, 0.960138
38104, 0.960138
38123, 0.960138
38142, 0.960138
38192, 0.960138
38309, 0.960138
38354, 0.960138
38450, 0.960138
38485, 0.960138
38610, 0.960138
38664, 0.960138
38669, 0.960138
38750, 0.960138
38751, 0.960138
38793, 0.960138
38854, 0.960138
38880, 0.960140
38886, 0.960140
38928, 0.960140
38951, 0.960140
39073, 0.960140
39100, 0.960140
39114, 0.960140
39115, 0.960140
39116, 0.960140
39118, 0.960140
39172, 0.960140
39194, 0.960140
39220, 0.960140
39396, 0.960140
39424, 0.960141
39592, 0.960141
39688, 0.960141
39745, 0.960141
39747, 0.960141
39881, 0.960141
39891, 0.960141
39894, 0.960141
39899, 0.960141
39903, 0.960141
39910, 0.960141
39945, 0.960141
39968, 0.960141
39980, 0.960141
40000, 0.960142
40001, 0.960142
40078, 0.960142
40082, 0.960142
40083, 0.960142
40084, 0.960142
40088, 0.960142
40103, 0.960142
40147, 0.960142
40200, 0.960142
40217, 0.960142
40226, 0.960142
40320, 0.960142
40343, 0.960142
40520, 0.960142
40544, 0.960142
40574, 0.960142
40600, 0.960142
40618, 0.960142
40621, 0.960142
40625, 0.960142
40656, 0.960142
40704, 0.960142
40734, 0.960142
40788, 0.960142
40800, 0.960142
40825, 0.960142
40849, 0.960142
40854, 0.960142
40912, 0.960143
40930, 0.960143
40959, 0.960143
40960, 0.960144
40962, 0.960144
40991, 0.960145
40996, 0.960145
41024, 0.960145
41088, 0.960145
41105, 0.960145
41106, 0.960145
41118, 0.960145
41140, 0.960145
41180, 0.960145
41248, 0.960145
41267, 0.960145
41268, 0.960145
41292, 0.960145
41390, 0.960145
41400, 0.960145
41518, 0.960145
41547, 0.960145
41551, 0.960145
41580, 0.960145
41586, 0.960145
41587, 0.960145
41681, 0.960145
41697, 0.960145
41748, 0.960145
41802, 0.960145
41844, 0.960145
41973, 0.960145
41989, 0.960145
41992, 0.960145
42000, 0.960146
42007, 0.960146
42008, 0.960146
42009, 0.960146
42020, 0.960146
42021, 0.960146
42022, 0.960146
42024, 0.960146
42026, 0.960146
42031, 0.960146
42036, 0.960146
42037, 0.960146
42038, 0.960146
42060, 0.960146
42064, 0.960146
42081, 0.960146
42108, 0.960146
42160, 0.960146
42162, 0.960146
42179, 0.960146
42240, 0.960146
42245, 0.960146
42300, 0.960147
42307, 0.960147
42327, 0.960147
42340, 0.960219
42388, 0.960219
42423, 0.960219
42448, 0.960219
42451, 0.960219
42452, 0.960219
42453, 0.960219
42454, 0.960219
42461, 0.960219
42472, 0.960219
42473, 0.960219
42475, 0.960219
42476, 0.960219
42477, 0.960219
42478, 0.960219
42479, 0.960219
42480, 0.960219
42487, 0.960219
42505, 0.960219
42540, 0.960727
42567, 0.960727
42580, 0.960727
42591, 0.960727
42594, 0.960727
42604, 0.960727
42622, 0.960727
42660, 0.960727
42740, 0.960727
42800, 0.960727
42813, 0.960727
42834, 0.960727
42838, 0.960727
42952, 0.960727
42980, 0.960728
43020, 0.960728
43021, 0.960728
43022, 0.960728
43023, 0.960728
43027, 0.960728
43028, 0.960728
43029, 0.960728
43031, 0.960728
43032, 0.960728
43034, 0.960728
43038, 0.960728
43098, 0.960728
43136, 0.960728
43200, 0.960729
43214, 0.960729
43216, 0.960729
43247, 0.960729
43252, 0.960729
43258, 0.960729
43276, 0.960729
43305, 0.960729
43306, 0.960729
43307, 0.960729
43308, 0.960729
43309, 0.960729
43310, 0.960729
43338, 0.960745
43360, 0.960746
43398, 0.960746
43400, 0.960746
43410, 0.960746
43440, 0.961117
43466, 0.961117
43520, 0.961118
43524, 0.961118
43555, 0.961118
43560, 0.961119
43617, 0.961119
43648, 0.961119
43680, 0.961119
43690, 0.961137
43695, 0.961137
43696, 0.961137
43706, 0.961137
43774, 0.961137
43776, 0.961137
43793, 0.961137
43800, 0.961143
43883, 0.961143
43884, 0.961143
43885, 0.961143
43886, 0.961143
43887, 0.961143
43888, 0.961143
43893, 0.961143
43896, 0.961143
44000, 0.961143
44032, 0.961143
44037, 0.961144
44047, 0.961144
44048, 0.961144
44049, 0.961144
44050, 0.961144
44051, 0.961144
44054, 0.961144
44057, 0.961144
44059, 0.961144
44060, 0.961144
44061, 0.961144
44062, 0.961144
44063, 0.961144
44116, 0.961144
44128, 0.961144
44164, 0.961144
44180, 0.961144
44236, 0.961144
44355, 0.961144
44405, 0.961144
44415, 0.961144
44494, 0.961144
44501, 0.961144
44541, 0.961144
44571, 0.961144
44580, 0.961144
44605, 0.961144
44620, 0.961146
44631, 0.961146
44650, 0.961146
44673, 0.961146
44689, 0.961146
44690, 0.961146
44699, 0.961146
44776, 0.961146
44800, 0.961146
44808, 0.961146
44814, 0.961146
44888, 0.961146
44895, 0.961146
44899, 0.961146
45000, 0.961161
45012, 0.961161
45056, 0.961161
45210, 0.961161
45248, 0.961161
45260, 0.961162
45297, 0.961162
45389, 0.961162
45436, 0.961162
45500, 0.961162
45503, 0.961162
45728, 0.961162
45738, 0.961162
45874, 0.961162
45960, 0.961162
45990, 0.961162
46032, 0.961162
46080, 0.961163
46091, 0.961163
46100, 0.961163
46194, 0.961163
46240, 0.961163
46336, 0.961164
46355, 0.961164
46406, 0.961164
46407, 0.961164
46427, 0.961164
46437, 0.961164
46438, 0.961164
46439, 0.961164
46464, 0.961165
46473, 0.961165
46528, 0.961165
46537, 0.961166
46540, 0.961166
46544, 0.961166
46570, 0.961166
46617, 0.961166
46643, 0.961166
46662, 0.961166
46684, 0.961166
46688, 0.961166
46693, 0.961166
46720, 0.961170
46895, 0.961170
46920, 0.961170
46967, 0.961170
46969, 0.961170
46993, 0.961170
47022, 0.961170
47085, 0.961170
47104, 0.961170
47108, 0.961170
47119, 0.961170
47168, 0.961170
47227, 0.961170
47292, 0.961170
47343, 0.961170
47383, 0.961170
47448, 0.961170
47470, 0.961170
47531, 0.961170
47562, 0.961170
47616, 0.961170
47700, 0.961170
47722, 0.961170
47744, 0.961170
47770, 0.961170
47784, 0.961173
47867, 0.961173
47880, 0.961173
47910, 0.961173
47916, 0.961175
47925, 0.961175
47940, 0.961175
47976, 0.961175
47996, 0.961175
48000, 0.961176
48034, 0.961176
48059, 0.961176
48060, 0.961176
48067, 0.961176
48128, 0.961176
48140, 0.961176
48166, 0.961176
48180, 0.961176
48400, 0.961176
48416, 0.961177
48440, 0.961177
48446, 0.961177
48448, 0.961177
48565, 0.961177
48600, 0.961177
48631, 0.961177
48636, 0.961177
48640, 0.961177
48689, 0.961177
48738, 0.961177
48828, 0.961177
48866, 0.961177
48914, 0.961177
48930, 0.961177
48992, 0.961177
48996, 0.961177
49086, 0.961177
49087, 0.961177
49088, 0.961177
49111, 0.961177
49116, 0.961177
49126, 0.961177
49132, 0.961177
49134, 0.961177
49144, 0.961177
49152, 0.961203
49164, 0.961204
49176, 0.961204
49200, 0.961204
49210, 0.961204
49213, 0.961204
49214, 0.961204
49232, 0.961747
49237, 0.961747
49248, 0.961886
49280, 0.961888
49312, 0.961888
49335, 0.961888
49368, 0.961888
49400, 0.961888
49420, 0.961888
49452, 0.961889
49459, 0.961889
49476, 0.961889
49490, 0.961889
49500, 0.961889
49504, 0.961889
49506, 0.961890
49520, 0.961890
49532, 0.961890
49536, 0.961894
49552, 0.961894
49560, 0.961894
49588, 0.961894
49608, 0.961894
49630, 0.961894
49634, 0.961894
49640, 0.961905
49680, 0.961921
49700, 0.961921
49704, 0.961922
49719, 0.961922
49728, 0.961922
49735, 0.961922
49752, 0.961922
49765, 0.961922
49781, 0.961922
49824, 0.961922
49826, 0.961922
49838, 0.961922
49840, 0.961924
49856, 0.961924
49876, 0.961928
49896, 0.961928
49920, 0.961929
49932, 0.961929
49950, 0.961929
49956, 0.961929
49968, 0.961943
49980, 0.961943
49998, 0.961943
50000, 0.961944
50001, 0.961944
50005, 0.961944
50018, 0.961944
50024, 0.961944
50040, 0.961944
50044, 0.961945
50046, 0.961945
50049, 0.961945
50050, 0.961945
50053, 0.961945
50065, 0.961945
50069, 0.961945
50071, 0.961945
50073, 0.961945
50077, 0.961945
50081, 0.961945
50085, 0.961945
50093, 0.961945
50097, 0.961945
50101, 0.961945
50103, 0.961946
50105, 0.961946
50112, 0.961946
50113, 0.961946
50120, 0.961946
50132, 0.961946
50133, 0.961946
50137, 0.961949
50141, 0.961949
50149, 0.961949
50157, 0.961949
50160, 0.961952
50161, 0.961952
50165, 0.961952
50166, 0.961952
50172, 0.961952
50184, 0.961952
50232, 0.961956
50236, 0.961956
50238, 0.961956
50240, 0.961956
50246, 0.961956
50256, 0.961956
50260, 0.961957
50305, 0.961957
50320, 0.961957
50328, 0.961958
50348, 0.961958
50364, 0.961958
50370, 0.961958
50388, 0.961958
50394, 0.961958
50400, 0.963812
50431, 0.963812
50434, 0.963812
50464, 0.963812
50468, 0.963812
50470, 0.963812
50472, 0.963814
50481, 0.963814
50482, 0.963814
50484, 0.963814
50540, 0.963814
50544, 0.963815
50585, 0.963815
50589, 0.963815
50616, 0.963815
50633, 0.963815
50667, 0.963815
50680, 0.963815
50794, 0.963815
50825, 0.963815
50925, 0.963815
50940, 0.963815
51000, 0.963815
51013, 0.963815
51016, 0.963816
51019, 0.963816
51020, 0.963816
51023, 0.963816
51034, 0.963816
51048, 0.963816
51050, 0.963816
51060, 0.963816
51100, 0.963816
51110, 0.963816
51112, 0.963816
51180, 0.963816
51187, 0.963816
51191, 0.963816
51200, 0.963816
51223, 0.963816
51321, 0.963816
51376, 0.963816
51377, 0.963816
51425, 0.963816
51447, 0.963816
51459, 0.963816
51478, 0.963816
51494, 0.963816
51495, 0.963816
51497, 0.963816
51500, 0.963816
51501, 0.963816
51502, 0.963816
51503, 0.963816
51504, 0.963816
51505, 0.963816
51506, 0.963816
51507, 0.963816
51510, 0.963816
51512, 0.963816
51513, 0.963816
51514, 0.963816
51524, 0.963816
51525, 0.963816
51531, 0.963816
51542, 0.963816
51543, 0.963816
51545, 0.963816
51551, 0.963816
51554, 0.963816
51570, 0.963816
51574, 0.963816
51577, 0.963816
51578, 0.963816
51579, 0.963816
51599, 0.963816
51606, 0.963817
51608, 0.963817
51609, 0.963817
51623, 0.963817
51642, 0.963817
51647, 0.963817
51662, 0.963817
51667, 0.963817
51668, 0.963817
51669, 0.963817
51670, 0.963817
51672, 0.963817
51674, 0.963817
51677, 0.963817
51680, 0.963817
51681, 0.963817
51682, 0.963817
51685, 0.963817
51687, 0.963817
51688, 0.963817
51689, 0.963817
51691, 0.963817
51692, 0.963817
51693, 0.963817
51697, 0.963817
51704, 0.963817
51707, 0.963817
51711, 0.963817
51727, 0.963817
51758, 0.963817
51768, 0.963817
51859, 0.963817
51878, 0.963817
51904, 0.963817
51919, 0.963817
52079, 0.963817
52103, 0.963817
52186, 0.963817
52197, 0.963817
52198, 0.963817
52251, 0.963817
52286, 0.963817
52352, 0.963817
52620, 0.963817
52774, 0.963817
52781, 0.963817
52782, 0.963817
52798, 0.963817
52800, 0.963817
52826, 0.963817
52852, 0.963817
52908, 0.963817
52981, 0.963817
53000, 0.963817
53074, 0.963817
53078, 0.963817
53175, 0.963817
53193, 0.963818
53197, 0.963818
53200, 0.963818
53203, 0.963818
53212, 0.963818
53248, 0.963818
53328, 0.963818
53361, 0.963818
53387, 0.963818
53401, 0.963818
53532, 0.963818
53576, 0.963818
53634, 0.963818
53828, 0.963818
53829, 0.963818
53830, 0.963818
53831, 0.963818
53832, 0.963819
53834, 0.963819
53835, 0.963819
53950, 0.963819
53969, 0.963819
53998, 0.963819
54020, 0.963819
54023, 0.963819
54046, 0.963819
54063, 0.963819
54080, 0.963819
54111, 0.963819
54156, 0.963819
54160, 0.963819
54207, 0.963819
54266, 0.963819
54296, 0.963819
54303, 0.963819
54304, 0.963819
54306, 0.963819
54309, 0.963819
54350, 0.963819
54439, 0.963819
54444, 0.963819
54476, 0.963819
54534, 0.963819
54585, 0.963819
54662, 0.963819
54720, 0.963819
54773, 0.963819
54840, 0.963819
54974, 0.963819
54984, 0.963819
54986, 0.963819
55000, 0.963819
55005, 0.963820
55049, 0.963820
55055, 0.963820
55097, 0.963820
55103, 0.963820
55146, 0.963820
55162, 0.963820
55176, 0.963820
55285, 0.963820
55296, 0.963820
55440, 0.963820
55473, 0.963820
55480, 0.963820
55546, 0.963820
55600, 0.963820
55605, 0.963820
55635, 0.963820
55644, 0.963820
55675, 0.963820
55702, 0.963820
55747, 0.963820
55807, 0.963820
55817, 0.963820
55832, 0.963820
55881, 0.963820
55883, 0.963820
55891, 0.963820
55893, 0.963820
55894, 0.963820
55901, 0.963820
55903, 0.963820
55904, 0.963820
55924, 0.963820
56102, 0.963820
56181, 0.963820
56183, 0.963820
56202, 0.963820
56207, 0.963822
56217, 0.963822
56218, 0.963822
56250, 0.963822
56273, 0.963822
56320, 0.963827
56325, 0.963827
56380, 0.963827
56398, 0.963827
56560, 0.963827
56565, 0.963827
56597, 0.963827
56628, 0.963827
56674, 0.963827
56695, 0.963827
56714, 0.963827
56740, 0.963827
56777, 0.963827
56792, 0.963827
56799, 0.963827
56809, 0.963827
56871, 0.963827
56940, 0.963827
56952, 0.963827
57000, 0.963827
57087, 0.963827
57129, 0.963827
57131, 0.963827
57134, 0.963827
57139, 0.963827
57140, 0.963827
57142, 0.963827
57143, 0.963827
57144, 0.963827
57146, 0.963827
57147, 0.963827
57148, 0.963827
57165, 0.963827
57166, 0.963827
57173, 0.963827
57174, 0.963827
57176, 0.963827
57200, 0.963827
57217, 0.963827
57219, 0.963827
57220, 0.963827
57221, 0.963827
57222, 0.963827
57223, 0.963827
57224, 0.963827
57225, 0.963827
57226, 0.963828
57227, 0.963828
57228, 0.963828
57230, 0.963828
57232, 0.963828
57233, 0.963828
57234, 0.963828
57235, 0.963828
57236, 0.963828
57237, 0.963828
57238, 0.963828
57239, 0.963828
57240, 0.963828
57241, 0.963828
57242, 0.963828
57243, 0.963828
57244, 0.963828
57245, 0.963828
57247, 0.963828
57248, 0.963828
57249, 0.963828
57250, 0.963828
57252, 0.963828
57253, 0.963828
57254, 0.963828
57255, 0.963828
57256, 0.963828
57257, 0.963828
57258, 0.963828
57259, 0.963828
57261, 0.963828
57263, 0.963828
57264, 0.963828
57265, 0.963828
57269, 0.963828
57270, 0.963828
57275, 0.963828
57280, 0.963828
57281, 0.963828
57282, 0.963828
57283, 0.963828
57284, 0.963828
57285, 0.963828
57286, 0.963828
57287, 0.963828
57288, 0.963828
57289, 0.963828
57290, 0.963828
57291, 0.963828
57292, 0.963828
57293, 0.963828
57294, 0.963828
57295, 0.963828
57296, 0.963828
57297, 0.963828
57298, 0.963828
57299, 0.963828
57300, 0.963828
57301, 0.963828
57302, 0.963828
57303, 0.963828
57304, 0.963828
57305, 0.963828
57306, 0.963828
57307, 0.963829
57308, 0.963829
57309, 0.963829
57310, 0.963829
57311, 0.963829
57312, 0.963829
57313, 0.963829
57315, 0.963829
57316, 0.963829
57317, 0.963829
57318, 0.963829
57319, 0.963829
57320, 0.963829
57321, 0.963829
57322, 0.963829
57323, 0.963829
57324, 0.963829
57325, 0.963829
57326, 0.963829
57327, 0.963829
57328, 0.963829
57330, 0.963829
57331, 0.963829
57332, 0.963829
57333, 0.963829
57334, 0.963829
57335, 0.963829
57336, 0.963829
57337, 0.963829
57338, 0.963829
57339, 0.963829
57340, 0.963829
57341, 0.963829
57342, 0.963829
57343, 0.963829
57344, 0.964301
57375, 0.964301
57376, 0.964301
57377, 0.964301
57381, 0.964301
57443, 0.964301
57489, 0.964301
57516, 0.964301
57517, 0.964301
57518, 0.964301
57536, 0.964301
57537, 0.964301
57556, 0.964301
57584, 0.964301
57599, 0.964301
57600, 0.964301
57622, 0.964301
57664, 0.964301
57728, 0.964301
57747, 0.964301
57748, 0.964301
57750, 0.964301
57794, 0.964301
57797, 0.964301
57856, 0.964301
57915, 0.964301
57920, 0.964302
57937, 0.964302
57992, 0.964302
58021, 0.964302
58023, 0.964302
58037, 0.964302
58068, 0.964302
58080, 0.964302
58112, 0.964302
58182, 0.964302
58208, 0.964302
58274, 0.964302
58400, 0.964309
58496, 0.964309
58520, 0.964309
58548, 0.964309
58590, 0.964309
58593, 0.964310
58599, 0.964310
58646, 0.964310
58647, 0.964310
58650, 0.964310
58710, 0.964310
58741, 0.964310
58777, 0.964310
58786, 0.964310
58851, 0.964310
58853, 0.964310
58864, 0.964310
58888, 0.964310
59046, 0.964310
59071, 0.964310
59120, 0.964356
59148, 0.964356
59230, 0.964356
59231, 0.964356
59233, 0.964356
59234, 0.964356
59235, 0.964356
59328, 0.964356
59368, 0.964356
59392, 0.964427
59488, 0.964427
59490, 0.964427
59492, 0.964427
59497, 0.964427
59503, 0.964427
59504, 0.964427
59507, 0.964427
59532, 0.964427
59533, 0.964427
59534, 0.964427
59535, 0.964427
59537, 0.964427
59539, 0.964427
59540, 0.964427
59547, 0.964427
59548, 0.964427
59549, 0.964427
59577, 0.964427
59620, 0.964427
59659, 0.964427
59660, 0.964427
59669, 0.964427
59701, 0.964427
59702, 0.964427
59703, 0.964427
59731, 0.964427
59800, 0.964427
59840, 0.964427
59841, 0.964427
59853, 0.964427
59875, 0.964427
59879, 0.964427
59945, 0.964427
59948, 0.964427
59954, 0.964427
60000, 0.964434
60093, 0.964434
60104, 0.964434
60137, 0.964434
60184, 0.964434
60192, 0.964434
60200, 0.964434
60317, 0.964434
60347, 0.964434
60352, 0.964434
60396, 0.964434
60426, 0.964434
60445, 0.964434
60457, 0.964434
60468, 0.964434
60480, 0.964434
60487, 0.964434
60489, 0.964434
60517, 0.964434
60518, 0.964434
60521, 0.964434
60524, 0.964435
60527, 0.964435
60528, 0.964435
60529, 0.964435
60530, 0.964435
60531, 0.964435
60532, 0.964435
60534, 0.964435
60537, 0.964435
60540, 0.964435
60541, 0.964435
60544, 0.964435
60545, 0.964435
60546, 0.964435
60555, 0.964435
60564, 0.964435
60568, 0.964435
60580, 0.964435
60587, 0.964435
60590, 0.964435
60660, 0.964435
60720, 0.964435
60764, 0.964435
60813, 0.964435
60816, 0.964437
60834, 0.964437
60835, 0.964437
60836, 0.964437
60837, 0.964437
60838, 0.964438
60840, 0.964438
60842, 0.964438
60843, 0.964438
60845, 0.964438
60956, 0.964438
60959, 0.964438
60984, 0.964438
61000, 0.964438
61015, 0.964438
61030, 0.964438
61072, 0.964438
61105, 0.964438
61115, 0.964438
61139, 0.964438
61199, 0.964438
61200, 0.964439
61216, 0.964439
61236, 0.964439
61248, 0.964439
61253, 0.964439
61256, 0.964439
61257, 0.964439
61259, 0.964439
61278, 0.964439
61282, 0.964439
61320, 0.964439
61334, 0.964439
61336, 0.964439
61338, 0.964439
61366, 0.964439
61374, 0.964439
61392, 0.964439
61418, 0.964439
61427, 0.964439
61440, 0.964444
61449, 0.964444
61457, 0.964444
61474, 0.964444
61479, 0.964444
61490, 0.964444
61512, 0.964444
61540, 0.964444
61579, 0.964444
61600, 0.964445
61640, 0.964445
61642, 0.964445
61688, 0.964445
61740, 0.964445
61763, 0.964445
61924, 0.964445
61952, 0.964445
61979, 0.964445
61989, 0.964445
61990, 0.964445
62000, 0.964445
62003, 0.964445
62005, 0.964445
62006, 0.964445
62007, 0.964445
62008, 0.964445
62009, 0.964445
62015, 0.964445
62032, 0.964445
62040, 0.964445
62065, 0.964445
62066, 0.964445
62100, 0.964447
62128, 0.964447
62131, 0.964447
62156, 0.964447
62216, 0.964447
62240, 0.964447
62251, 0.964447
62263, 0.964447
62264, 0.964448
62299, 0.964448
62304, 0.964448
62333, 0.964448
62392, 0.964449
62400, 0.964449
62420, 0.964449
62423, 0.964449
62436, 0.964450
62442, 0.964450
62464, 0.964450
62474, 0.964450
62480, 0.964450
62500, 0.964452
62501, 0.964452
62502, 0.964452
62506, 0.964452
62512, 0.964472
62612, 0.964472
62628, 0.964472
62636, 0.964472
62643, 0.964473
62718, 0.964473
62720, 0.964473
62727, 0.964476
62734, 0.964476
62740, 0.964476
62742, 0.964476
62780, 0.964484
62805, 0.964484
62825, 0.964484
62896, 0.964484
62944, 0.964484
63000, 0.964484
63004, 0.964484
63074, 0.964484
63136, 0.964484
63138, 0.964484
63184, 0.964485
63250, 0.964485
63257, 0.964485
63265, 0.964485
63278, 0.964485
63303, 0.964485
63333, 0.964485
63335, 0.964497
63337, 0.964497
63338, 0.964497
63340, 0.964497
63342, 0.964497
63343, 0.964497
63345, 0.964497
63349, 0.964497
63352, 0.964497
63353, 0.964497
63354, 0.964497
63355, 0.964497
63357, 0.964497
63360, 0.964498
63366, 0.964498
63367, 0.964498
63370, 0.964498
63372, 0.964498
63375, 0.964498
63376, 0.964498
63377, 0.964498
63381, 0.964498
63382, 0.964498
63384, 0.964498
63385, 0.964498
63386, 0.964498
63387, 0.964498
63388, 0.964498
63390, 0.964498
63392, 0.964498
63395, 0.964498
63397, 0.964498
63402, 0.964498
63404, 0.964498
63405, 0.964498
63406, 0.964498
63407, 0.964498
63410, 0.964498
63412, 0.964498
63415, 0.964498
63416, 0.964498
63417, 0.964498
63418, 0.964498
63420, 0.964498
63421, 0.964498
63423, 0.964498
63426, 0.964498
63427, 0.964498
63428, 0.964498
63429, 0.964498
63431, 0.964498
63432, 0.964498
63434, 0.964498
63435, 0.964498
63436, 0.964498
63437, 0.964498
63438, 0.964498
63439, 0.964498
63440, 0.964498
63441, 0.964498
63442, 0.964498
63443, 0.965186
63444, 0.965186
63445, 0.965186
63446, 0.965186
63447, 0.965186
63448, 0.965186
63449, 0.965186
63450, 0.965186
63451, 0.965186
63452, 0.965186
63453, 0.965186
63454, 0.965186
63456, 0.965186
63457, 0.965186
63460, 0.965186
63479, 0.965186
63483, 0.965186
63488, 0.965187
63500, 0.965187
63514, 0.965187
63535, 0.965187
63580, 0.965187
63596, 0.965187
63612, 0.965187
63623, 0.965187
63632, 0.965187
63635, 0.965187
63647, 0.965187
63686, 0.965187
63712, 0.965187
63744, 0.965187
63787, 0.965187
63805, 0.965187
63857, 0.965187
63888, 0.965188
63948, 0.965191
63960, 0.965191
63993, 0.965191
64000, 0.965275
64015, 0.965275
64030, 0.965276
64032, 0.965276
64036, 0.965276
64064, 0.965279
64074, 0.965279
64080, 0.965281
64086, 0.965281
64108, 0.965281
64125, 0.965281
64136, 0.965285
64138, 0.965285
64152, 0.965285
64156, 0.965285
64164, 0.965285
64170, 0.965285
64180, 0.965285
64192, 0.965285
64216, 0.965285
64220, 0.965285
64224, 0.965286
64239, 0.965290
64240, 0.971346
64246, 0.971346
64251, 0.971346
64256, 0.971346
64258, 0.971347
64260, 0.971348
64263, 0.971348
64272, 0.971348
64288, 0.971348
64296, 0.971360
64304, 0.971360
64308, 0.971360
64318, 0.971360
64320, 0.971360
64343, 0.971360
64348, 0.971360
64350, 0.971360
64380, 0.971379
64384, 0.971380
64386, 0.971381
64392, 0.971381
64395, 0.971381
64400, 0.971382
64408, 0.971382
64416, 0.971383
64420, 0.971383
64428, 0.971383
64436, 0.971434
64440, 0.971434
64447, 0.971434
64449, 0.971434
64453, 0.971434
64484, 0.971434
64492, 0.971435
64504, 0.971435
64512, 0.971783
64519, 0.971783
64525, 0.971783
64536, 0.971783
64542, 0.971784
64578, 0.971784
64584, 0.971784
64600, 0.971784
64601, 0.971784
64605, 0.971784
64608, 0.971784
64610, 0.971784
64614, 0.971784
64616, 0.971784
64620, 0.971784
64625, 0.971785
64635, 0.971785
64648, 0.971785
64672, 0.971788
64676, 0.971788
64704, 0.971788
64710, 0.971789
64728, 0.971790
64766, 0.971790
64768, 0.971790
64776, 0.971790
64777, 0.971790
64792, 0.971790
64800, 0.971797
64830, 0.971797
64844, 0.971797
64856, 0.971797
64860, 0.971813
64864, 0.971813
64883, 0.971813
64890, 0.971813
64896, 0.971813
64903, 0.971813
64904, 0.971813
64920, 0.971813
64942, 0.971813
64952, 0.971813
64960, 0.971813
64970, 0.971814
64971, 0.971814
64980, 0.971814
64992, 0.971814
64998, 0.971814
65000, 0.971847
65008, 0.971847
65023, 0.971847
65024, 0.971847
65032, 0.971847
65036, 0.971847
65040, 0.971847
65044, 0.971849
65049, 0.971849
65050, 0.971849
65060, 0.971851
65084, 0.971851
65088, 0.971851
65092, 0.971851
65104, 0.971851
65106, 0.971851
65115, 0.971851
65130, 0.971851
65160, 0.973269
65166, 0.973269
65184, 0.973269
65200, 0.973269
65220, 0.973269
65224, 0.973270
65228, 0.973693
65236, 0.973693
65250, 0.973693
65268, 0.973693
65279, 0.973693
65280, 0.973694
65284, 0.973694
65304, 0.973697
65309, 0.973697
65320, 0.973697
65322, 0.973697
65326, 0.973698
65334, 0.973702
65340, 0.973708
65342, 0.973708
65346, 0.973709
65353, 0.973709
65355, 0.973709
65360, 0.973709
65368, 0.973709
65372, 0.973709
65373, 0.973709
65376, 0.973709
65381, 0.973709
65383, 0.973709
65384, 0.973709
65386, 0.973709
65387, 0.973709
65391, 0.973709
65392, 0.973709
65412, 0.973709
65416, 0.973710
65418, 0.973710
65424, 0.973711
65431, 0.973711
65435, 0.973711
65453, 0.973711
65455, 0.973711
65456, 0.973712
65460, 0.973712
65471, 0.973712
65472, 0.973713
65479, 0.973713
65480, 0.973713
65494, 0.973723
65500, 0.973727
65504, 0.973728
65512, 0.973728
65518, 0.973728
65520, 0.973728
65523, 0.973728
65525, 0.973728
65528, 0.973728
65529, 0.973728
65530, 0.973728
65532, 0.973732
65534, 0.973732
65535, 1.000000
